Stack Number (Distance from origin): 0 (0)
X, Y Coordinates of Nuclei: []
Stack Number (Distance from origin): 1 (5)
X, Y Coordinates of Nuclei: []
Stack Number (Distance from origin): 2 (10)
X, Y Coordinates of Nuclei: []
Stack Number (Distance from origin): 3 (15)
X, Y Coordinates of Nuclei: []
Stack Number (Distance from origin): 4 (20)
X, Y Coordinates of Nuclei: []
Stack Number (Distance from origin): 5 (25)
X, Y Coordinates of Nuclei: []
Stack Number (Distance from origin): 6 (30)
X, Y Coordinates of Nuclei: []
Stack Number (Distance from origin): 7 (35)
X, Y Coordinates of Nuclei: []
Stack Number (Distance from origin): 8 (40)
X, Y Coordinates of Nuclei: []
Stack Number (Distance from origin): 9 (45)
X, Y Coordinates of Nuclei: []
Stack Number (Distance from origin): 10 (50)
X, Y Coordinates of Nuclei: []
Stack Number (Distance from origin): 11 (55)
X, Y Coordinates of Nuclei: []
Stack Number (Distance from origin): 12 (60)
X, Y Coordinates of Nuclei: [(266, 394), (266, 395), (266, 396), (266, 397), (267, 392), (267, 393), (267, 397), (268, 391), (268, 392), (268, 398), (269, 389), (269, 390), (269, 391), (269, 398), (270, 388), (270, 389), (270, 398), (270, 399), (271, 387), (271, 388), (271, 398), (271, 399), (272, 388), (272, 389), (272, 398), (273, 389), (273, 390), (273, 391), (273, 397), (274, 391), (274, 396), (275, 391), (275, 392), (275, 395), (275, 396), (276, 392), (276, 393), (276, 394)]
Stack Number (Distance from origin): 13 (65)
X, Y Coordinates of Nuclei: [(263, 394), (263, 395), (264, 393), (264, 394), (264, 395), (264, 396), (265, 391), (265, 392), (265, 397), (265, 398), (266, 387), (266, 388), (266, 389), (266, 390), (266, 391), (266, 398), (266, 399), (267, 386), (267, 387), (267, 388), (267, 399), (267, 400), (268, 385), (268, 386), (268, 399), (268, 400), (269, 385), (269, 386), (269, 399), (269, 400), (270, 385), (270, 386), (270, 399), (270, 400), (271, 386), (271, 399), (271, 400), (272, 387), (272, 399), (272, 400), (273, 388), (273, 399), (273, 400), (274, 388), (274, 399), (274, 400), (275, 389), (275, 399), (276, 389), (276, 398), (276, 399), (277, 389), (277, 390), (277, 396), (277, 397), (277, 398), (278, 390), (278, 394), (278, 395), (278, 396), (279, 390), (279, 391), (279, 393), (279, 394), (280, 391), (280, 392), (280, 393)]
Stack Number (Distance from origin): 14 (70)
X, Y Coordinates of Nuclei: [(262, 393), (262, 394), (262, 395), (262, 396), (262, 397), (263, 392), (263, 393), (263, 398), (263, 399), (264, 386), (264, 387), (264, 388), (264, 389), (264, 390), (264, 391), (264, 400), (265, 384), (265, 385), (265, 386), (265, 387), (265, 388), (265, 389), (265, 390), (265, 400), (265, 401), (266, 383), (266, 400), (266, 401), (267, 382), (267, 383), (267, 400), (267, 401), (268, 382), (268, 383), (268, 400), (268, 401), (269, 382), (269, 383), (269, 400), (269, 401), (269, 425), (269, 426), (269, 427), (269, 428), (270, 383), (270, 384), (270, 400), (270, 424), (270, 425), (270, 428), (271, 384), (271, 385), (271, 400), (271, 423), (271, 424), (271, 428), (271, 429), (272, 385), (272, 386), (272, 399), (272, 422), (272, 428), (273, 386), (273, 399), (273, 421), (273, 422), (273, 427), (273, 428), (274, 386), (274, 398), (274, 399), (274, 420), (274, 421), (274, 427), (275, 387), (275, 398), (275, 399), (275, 419), (275, 420), (275, 426), (275, 427), (276, 387), (276, 398), (276, 399), (276, 418), (276, 426), (276, 427), (277, 387), (277, 388), (277, 398), (277, 399), (277, 417), (277, 418), (277, 426), (277, 427), (278, 387), (278, 388), (278, 395), (278, 396), (278, 397), (278, 398), (278, 416), (278, 417), (278, 426), (278, 427), (279, 388), (279, 389), (279, 390), (279, 391), (279, 392), (279, 393), (279, 394), (279, 395), (279, 396), (279, 397), (279, 414), (279, 415), (279, 426), (279, 427), (280, 389), (280, 390), (280, 391), (280, 392), (280, 412), (280, 413), (280, 426), (280, 427), (281, 411), (281, 426), (281, 427), (282, 410), (282, 411), (282, 426), (282, 427), (283, 411), (283, 412), (283, 413), (283, 414), (283, 426), (283, 427), (284, 412), (284, 413), (284, 414), (284, 415), (284, 416), (284, 427), (284, 428), (284, 429), (284, 430), (284, 431), (285, 417), (285, 428), (285, 429), (285, 430), (285, 431), (285, 432), (286, 418), (286, 433), (287, 418), (287, 419), (287, 423), (287, 424), (287, 425), (287, 426), (287, 427), (287, 428), (287, 429), (287, 433), (287, 434), (288, 420), (288, 421), (288, 422), (288, 423), (288, 424), (288, 425), (288, 426), (288, 427), (288, 428), (288, 429), (288, 430), (288, 431), (288, 435), (288, 436), (289, 431), (289, 434), (290, 431), (290, 432), (290, 433), (290, 434), (290, 435), (290, 436)]
Stack Number (Distance from origin): 15 (75)
X, Y Coordinates of Nuclei: [(227, 398), (227, 399), (227, 400), (227, 401), (227, 402), (227, 403), (227, 404), (227, 405), (227, 406), (227, 407), (227, 408), (227, 409), (227, 410), (227, 411), (227, 412), (227, 413), (227, 414), (227, 415), (228, 397), (228, 398), (228, 399), (228, 400), (228, 401), (228, 402), (228, 403), (228, 404), (228, 405), (228, 406), (228, 407), (228, 408), (228, 409), (228, 410), (228, 411), (228, 412), (228, 413), (228, 414), (228, 415), (228, 416), (229, 396), (229, 397), (229, 417), (229, 418), (229, 419), (230, 396), (230, 418), (230, 419), (230, 420), (230, 421), (230, 422), (231, 393), (231, 394), (231, 395), (231, 396), (231, 422), (231, 423), (232, 390), (232, 391), (232, 392), (232, 393), (232, 394), (232, 423), (233, 388), (233, 389), (233, 390), (233, 420), (233, 421), (233, 422), (234, 387), (234, 388), (234, 419), (234, 420), (235, 384), (235, 385), (235, 386), (235, 418), (235, 419), (236, 382), (236, 383), (236, 384), (236, 418), (237, 382), (237, 416), (237, 417), (238, 380), (238, 381), (238, 415), (239, 379), (239, 380), (239, 414), (239, 415), (240, 378), (240, 379), (240, 414), (240, 415), (241, 378), (241, 414), (241, 415), (242, 377), (242, 414), (242, 415), (243, 376), (243, 377), (243, 414), (243, 415), (244, 376), (244, 377), (244, 414), (244, 415), (245, 376), (245, 377), (245, 414), (245, 415), (246, 376), (246, 377), (246, 415), (246, 432), (247, 376), (247, 377), (247, 415), (247, 431), (247, 432), (247, 433), (248, 376), (248, 377), (248, 415), (248, 416), (248, 431), (248, 433), (249, 375), (249, 376), (249, 416), (249, 417), (249, 430), (249, 433), (250, 374), (250, 375), (250, 417), (250, 418), (250, 419), (250, 420), (250, 421), (250, 422), (250, 423), (250, 424), (250, 425), (250, 426), (250, 427), (250, 428), (250, 429), (250, 430), (250, 432), (251, 374), (251, 420), (251, 421), (251, 422), (251, 423), (251, 424), (251, 425), (251, 426), (251, 427), (251, 428), (251, 429), (251, 432), (252, 374), (252, 431), (252, 432), (253, 374), (253, 375), (253, 431), (253, 432), (254, 375), (254, 431), (254, 432), (255, 376), (255, 431), (255, 432), (256, 377), (256, 431), (256, 432), (257, 377), (257, 378), (257, 431), (257, 432), (258, 378), (258, 432), (259, 378), (259, 379), (259, 433), (259, 434), (260, 378), (260, 379), (260, 434), (260, 435), (260, 436), (260, 437), (260, 438), (261, 378), (261, 379), (261, 436), (261, 437), (261, 438), (261, 439), (262, 378), (262, 379), (262, 440), (263, 378), (263, 379), (263, 441), (263, 442), (263, 443), (263, 444), (263, 445), (264, 378), (264, 379), (264, 443), (264, 444), (264, 445), (264, 446), (265, 378), (265, 379), (265, 446), (266, 378), (266, 446), (267, 376), (267, 377), (267, 445), (267, 446), (268, 374), (268, 375), (268, 445), (268, 446), (269, 373), (269, 445), (269, 446), (270, 372), (270, 373), (270, 445), (270, 446), (271, 372), (271, 373), (271, 445), (271, 446), (272, 372), (272, 445), (272, 446), (273, 371), (273, 372), (273, 445), (273, 446), (274, 371), (274, 445), (274, 446), (275, 370), (275, 371), (275, 446), (276, 370), (276, 371), (276, 447), (277, 370), (277, 371), (277, 448), (278, 371), (278, 448), (279, 371), (279, 448), (279, 449), (280, 371), (280, 372), (280, 448), (280, 449), (281, 371), (281, 372), (281, 408), (281, 409), (281, 410), (281, 411), (281, 412), (281, 413), (281, 414), (281, 448), (281, 449), (282, 372), (282, 407), (282, 408), (282, 409), (282, 410), (282, 411), (282, 412), (282, 413), (282, 414), (282, 415), (282, 448), (282, 449), (283, 372), (283, 406), (283, 416), (283, 448), (283, 449), (284, 372), (284, 373), (284, 406), (284, 416), (284, 448), (284, 449), (285, 373), (285, 405), (285, 406), (285, 417), (285, 446), (285, 447), (285, 448), (286, 373), (286, 374), (286, 405), (286, 417), (286, 445), (286, 446), (286, 447), (287, 374), (287, 375), (287, 405), (287, 418), (287, 419), (287, 444), (287, 445), (288, 376), (288, 404), (288, 405), (288, 419), (288, 420), (288, 444), (288, 445), (289, 377), (289, 404), (289, 405), (289, 420), (289, 421), (289, 443), (289, 444), (290, 377), (290, 404), (290, 405), (290, 420), (290, 421), (290, 442), (290, 443), (291, 377), (291, 378), (291, 404), (291, 405), (291, 420), (291, 421), (291, 441), (291, 442), (292, 377), (292, 378), (292, 404), (292, 420), (292, 423), (292, 424), (292, 425), (292, 426), (292, 427), (292, 428), (292, 429), (292, 430), (292, 431), (292, 441), (293, 378), (293, 404), (293, 420), (293, 422), (293, 423), (293, 424), (293, 425), (293, 426), (293, 427), (293, 428), (293, 429), (293, 430), (293, 431), (293, 432), (293, 433), (293, 434), (293, 435), (293, 436), (293, 437), (293, 438), (293, 439), (293, 440), (293, 441), (294, 379), (294, 380), (294, 403), (294, 404), (294, 420), (294, 421), (294, 422), (294, 434), (294, 435), (294, 436), (294, 437), (294, 438), (294, 439), (295, 380), (295, 403), (295, 404), (295, 421), (296, 381), (296, 403), (296, 404), (297, 381), (297, 403), (297, 404), (298, 382), (298, 403), (299, 382), (299, 383), (299, 401), (299, 402), (300, 384), (300, 385), (300, 398), (300, 399), (300, 400), (300, 401), (301, 385), (301, 386), (301, 394), (301, 395), (301, 396), (301, 397), (301, 398), (301, 399), (302, 387), (302, 388), (302, 389), (302, 390), (302, 391), (302, 392), (302, 393), (302, 394), (302, 395), (303, 389), (303, 390), (303, 391)]
Stack Number (Distance from origin): 16 (80)
X, Y Coordinates of Nuclei: [(222, 408), (223, 406), (223, 407), (223, 408), (223, 409), (223, 410), (223, 411), (224, 399), (224, 400), (224, 401), (224, 402), (224, 403), (224, 404), (224, 405), (224, 411), (224, 412), (224, 413), (224, 414), (224, 415), (224, 416), (224, 417), (224, 418), (224, 419), (224, 420), (225, 397), (225, 398), (225, 399), (225, 400), (225, 401), (225, 402), (225, 403), (225, 414), (225, 415), (225, 416), (225, 417), (225, 418), (225, 419), (225, 420), (225, 421), (225, 422), (226, 395), (226, 396), (226, 422), (227, 393), (227, 394), (227, 422), (227, 423), (228, 390), (228, 391), (228, 392), (228, 423), (228, 424), (228, 425), (228, 426), (228, 427), (228, 428), (228, 429), (228, 430), (228, 431), (228, 432), (228, 433), (228, 434), (229, 388), (229, 389), (229, 390), (229, 424), (229, 425), (229, 426), (229, 427), (229, 428), (229, 429), (229, 430), (229, 434), (230, 386), (230, 387), (230, 434), (230, 435), (231, 386), (231, 435), (231, 436), (231, 437), (231, 438), (232, 385), (232, 386), (232, 436), (232, 437), (232, 438), (232, 439), (233, 385), (233, 386), (233, 439), (233, 440), (234, 384), (234, 385), (234, 440), (235, 382), (235, 383), (235, 384), (235, 440), (236, 382), (236, 440), (236, 441), (237, 381), (237, 441), (238, 379), (238, 380), (238, 442), (238, 443), (238, 444), (238, 445), (238, 446), (239, 378), (239, 444), (239, 445), (239, 446), (239, 447), (239, 448), (240, 377), (240, 448), (241, 376), (241, 448), (241, 449), (242, 375), (242, 448), (242, 449), (243, 375), (243, 448), (243, 449), (244, 374), (244, 448), (244, 449), (245, 374), (245, 448), (245, 449), (246, 373), (246, 449), (247, 373), (247, 450), (247, 451), (248, 372), (248, 451), (248, 452), (249, 372), (249, 452), (249, 453), (250, 371), (250, 372), (250, 453), (251, 371), (251, 372), (251, 454), (252, 371), (252, 455), (252, 456), (253, 371), (253, 456), (254, 370), (254, 371), (254, 457), (255, 370), (255, 458), (255, 459), (256, 370), (256, 459), (256, 460), (256, 461), (257, 369), (257, 370), (257, 459), (257, 460), (257, 461), (257, 462), (258, 369), (258, 370), (258, 460), (258, 461), (259, 369), (259, 370), (259, 459), (259, 460), (260, 369), (260, 370), (260, 459), (260, 460), (261, 369), (261, 370), (261, 459), (262, 369), (262, 370), (262, 459), (263, 369), (263, 370), (263, 458), (263, 459), (264, 369), (264, 370), (264, 458), (264, 459), (265, 366), (265, 367), (265, 368), (265, 369), (265, 458), (265, 459), (266, 365), (266, 366), (266, 367), (266, 368), (266, 458), (266, 459), (267, 364), (267, 365), (267, 458), (267, 459), (268, 364), (268, 365), (268, 458), (268, 459), (269, 364), (269, 365), (269, 458), (269, 459), (270, 359), (270, 360), (270, 361), (270, 362), (270, 363), (270, 364), (270, 458), (270, 459), (271, 359), (271, 361), (271, 362), (271, 363), (271, 458), (271, 459), (272, 359), (272, 459), (273, 359), (273, 360), (273, 459), (273, 460), (274, 359), (274, 360), (274, 460), (275, 360), (275, 460), (275, 461), (276, 361), (276, 362), (276, 363), (276, 364), (276, 365), (276, 366), (276, 367), (276, 368), (276, 460), (276, 461), (277, 363), (277, 364), (277, 365), (277, 366), (277, 367), (277, 368), (277, 369), (277, 370), (277, 460), (277, 461), (278, 370), (278, 460), (278, 461), (279, 371), (279, 460), (279, 461), (280, 371), (280, 460), (280, 461), (281, 371), (281, 372), (281, 460), (281, 461), (282, 372), (282, 460), (282, 461), (283, 373), (283, 460), (283, 461), (284, 373), (284, 374), (284, 460), (284, 461), (285, 373), (285, 374), (285, 460), (285, 461), (286, 373), (286, 374), (286, 460), (286, 461), (287, 374), (287, 461), (288, 375), (288, 461), (289, 375), (289, 376), (289, 462), (290, 375), (290, 376), (290, 462), (291, 376), (291, 446), (291, 447), (291, 448), (291, 449), (291, 450), (291, 451), (291, 452), (291, 461), (291, 462), (292, 376), (292, 444), (292, 445), (292, 446), (292, 447), (292, 448), (292, 449), (292, 450), (292, 451), (292, 452), (292, 453), (292, 454), (292, 455), (292, 460), (292, 461), (293, 377), (293, 443), (293, 444), (293, 455), (293, 456), (293, 457), (293, 460), (294, 377), (294, 442), (294, 458), (294, 459), (294, 460), (295, 378), (295, 441), (295, 442), (296, 379), (296, 380), (296, 441), (297, 380), (297, 381), (297, 440), (297, 441), (298, 381), (298, 382), (298, 439), (298, 440), (299, 382), (299, 438), (299, 439), (300, 383), (300, 384), (300, 438), (301, 384), (301, 385), (301, 386), (301, 436), (301, 437), (302, 386), (302, 387), (302, 433), (302, 434), (302, 435), (302, 436), (303, 387), (303, 388), (303, 389), (303, 390), (303, 391), (303, 431), (303, 432), (303, 433), (304, 389), (304, 390), (304, 391), (304, 392), (304, 393), (304, 430), (305, 394), (305, 429), (305, 430), (306, 394), (306, 395), (306, 429), (306, 430), (307, 395), (307, 396), (307, 397), (307, 423), (307, 424), (307, 425), (307, 426), (307, 427), (307, 428), (307, 429), (308, 396), (308, 397), (308, 398), (308, 399), (308, 400), (308, 421), (308, 422), (308, 423), (308, 424), (308, 425), (308, 426), (308, 427), (308, 428), (309, 400), (309, 401), (309, 421), (310, 402), (310, 403), (310, 404), (310, 420), (310, 421), (311, 403), (311, 404), (311, 405), (311, 406), (311, 407), (311, 408), (311, 420), (312, 407), (312, 408), (312, 409), (312, 410), (312, 411), (312, 412), (312, 413), (312, 414), (312, 415), (312, 416), (312, 417), (312, 418), (312, 419), (313, 411), (313, 412), (313, 413), (313, 414), (313, 415), (313, 416), (313, 417)]
Stack Number (Distance from origin): 17 (85)
X, Y Coordinates of Nuclei: [(222, 407), (222, 408), (222, 409), (222, 410), (222, 411), (222, 412), (222, 413), (222, 414), (223, 403), (223, 404), (223, 405), (223, 406), (223, 407), (223, 408), (223, 409), (223, 410), (223, 411), (223, 412), (223, 413), (223, 414), (223, 415), (223, 416), (224, 400), (224, 401), (224, 402), (224, 403), (224, 404), (224, 416), (224, 417), (224, 418), (224, 419), (224, 420), (224, 421), (224, 422), (224, 423), (224, 424), (225, 396), (225, 397), (225, 398), (225, 399), (225, 400), (225, 418), (225, 419), (225, 420), (225, 421), (225, 422), (225, 423), (225, 424), (225, 425), (225, 426), (225, 427), (225, 428), (226, 394), (226, 395), (226, 396), (226, 397), (226, 427), (226, 428), (226, 429), (226, 430), (227, 392), (227, 393), (227, 431), (227, 432), (227, 433), (228, 390), (228, 391), (228, 433), (228, 434), (228, 435), (228, 436), (229, 389), (229, 436), (229, 437), (230, 387), (230, 388), (230, 438), (230, 439), (231, 385), (231, 386), (231, 387), (231, 439), (231, 440), (231, 441), (232, 384), (232, 441), (232, 442), (233, 383), (233, 442), (233, 443), (234, 382), (234, 443), (235, 381), (235, 444), (235, 445), (236, 380), (236, 445), (236, 446), (236, 447), (237, 379), (237, 447), (237, 448), (238, 378), (238, 379), (238, 448), (239, 378), (239, 448), (239, 449), (240, 377), (240, 449), (241, 376), (241, 377), (241, 449), (242, 375), (242, 376), (242, 449), (242, 450), (243, 375), (243, 449), (243, 450), (244, 374), (244, 449), (244, 450), (245, 373), (245, 374), (245, 449), (245, 450), (246, 373), (246, 449), (246, 450), (247, 372), (247, 449), (247, 450), (248, 372), (248, 449), (248, 450), (249, 371), (249, 372), (249, 450), (249, 451), (249, 452), (249, 453), (250, 371), (250, 451), (250, 452), (250, 453), (250, 454), (251, 371), (251, 454), (251, 455), (252, 370), (252, 371), (252, 454), (252, 455), (253, 370), (253, 371), (253, 454), (253, 455), (254, 370), (254, 455), (255, 370), (255, 455), (255, 456), (255, 457), (255, 458), (256, 369), (256, 370), (256, 457), (256, 458), (256, 459), (257, 369), (257, 460), (257, 461), (258, 369), (258, 461), (258, 462), (259, 368), (259, 369), (259, 462), (259, 463), (260, 368), (260, 369), (260, 462), (261, 368), (261, 369), (261, 460), (261, 461), (261, 462), (262, 368), (262, 369), (262, 459), (262, 460), (263, 368), (263, 369), (263, 458), (263, 459), (264, 368), (264, 369), (264, 458), (264, 459), (265, 366), (265, 367), (265, 368), (265, 458), (265, 459), (266, 362), (266, 363), (266, 364), (266, 365), (266, 366), (266, 367), (266, 458), (266, 459), (267, 361), (267, 362), (267, 363), (267, 458), (267, 459), (268, 360), (268, 458), (268, 459), (269, 359), (269, 360), (269, 458), (269, 459), (270, 359), (270, 458), (271, 359), (271, 453), (271, 454), (271, 455), (271, 456), (271, 457), (272, 360), (272, 452), (272, 453), (272, 454), (272, 455), (273, 360), (273, 361), (273, 451), (273, 452), (274, 360), (274, 361), (274, 451), (274, 452), (275, 360), (275, 361), (275, 451), (275, 452), (276, 361), (276, 362), (276, 363), (276, 364), (276, 365), (276, 366), (276, 367), (276, 368), (276, 369), (276, 370), (276, 451), (276, 452), (277, 362), (277, 363), (277, 364), (277, 365), (277, 366), (277, 367), (277, 368), (277, 369), (277, 370), (277, 371), (277, 451), (277, 452), (278, 371), (278, 372), (278, 451), (278, 452), (279, 371), (279, 372), (279, 451), (279, 452), (280, 371), (280, 372), (280, 451), (280, 452), (281, 372), (281, 451), (281, 452), (282, 372), (282, 373), (282, 451), (282, 452), (283, 373), (283, 452), (283, 453), (283, 454), (283, 455), (283, 456), (283, 457), (283, 458), (284, 373), (284, 374), (284, 453), (284, 454), (284, 455), (284, 456), (284, 457), (284, 458), (284, 459), (285, 373), (285, 374), (285, 459), (286, 374), (286, 459), (287, 375), (287, 376), (287, 458), (287, 459), (288, 377), (288, 458), (289, 377), (289, 378), (289, 453), (289, 454), (289, 455), (289, 456), (289, 457), (290, 377), (290, 378), (290, 452), (290, 453), (290, 454), (290, 455), (291, 378), (291, 445), (291, 446), (291, 447), (291, 448), (291, 449), (291, 450), (291, 451), (292, 378), (292, 443), (292, 444), (292, 445), (292, 446), (292, 447), (292, 448), (292, 449), (292, 450), (293, 379), (293, 442), (294, 379), (294, 441), (294, 442), (295, 380), (295, 441), (296, 380), (296, 381), (296, 440), (296, 441), (297, 381), (297, 382), (297, 439), (298, 382), (298, 438), (299, 383), (299, 438), (300, 384), (300, 436), (300, 437), (301, 385), (301, 435), (301, 436), (302, 386), (302, 433), (302, 434), (303, 387), (303, 431), (303, 432), (303, 433), (304, 388), (304, 389), (304, 429), (304, 430), (305, 389), (305, 390), (305, 391), (305, 392), (305, 393), (305, 394), (305, 395), (305, 396), (305, 397), (305, 429), (306, 391), (306, 392), (306, 393), (306, 394), (306, 395), (306, 396), (306, 397), (306, 398), (306, 425), (306, 426), (306, 427), (306, 428), (307, 398), (307, 399), (307, 421), (307, 422), (307, 423), (307, 424), (307, 425), (307, 426), (307, 427), (308, 399), (308, 420), (308, 421), (308, 422), (309, 400), (309, 401), (309, 419), (309, 420), (310, 402), (310, 403), (310, 419), (310, 420), (311, 404), (311, 405), (311, 406), (311, 407), (311, 408), (311, 409), (311, 410), (311, 411), (311, 412), (311, 413), (311, 419), (311, 420), (312, 406), (312, 407), (312, 408), (312, 409), (312, 410), (312, 411), (312, 412), (312, 413), (312, 414), (312, 415), (312, 416), (312, 417), (312, 418), (312, 419), (313, 416), (313, 417), (313, 418)]
Stack Number (Distance from origin): 18 (90)
X, Y Coordinates of Nuclei: [(226, 401), (226, 402), (226, 403), (226, 404), (227, 401), (228, 401), (228, 403), (228, 404), (229, 401), (229, 403), (230, 401), (230, 402), (230, 403), (231, 402), (261, 381), (261, 382), (261, 383), (261, 384), (262, 380), (262, 381), (262, 385), (263, 381), (263, 382), (263, 383), (263, 385), (263, 386), (263, 387), (263, 388), (263, 389), (263, 390), (263, 391), (263, 392), (263, 393), (263, 394), (263, 395), (263, 396), (264, 383), (264, 384), (264, 386), (264, 387), (264, 388), (264, 389), (264, 390), (264, 391), (264, 392), (264, 393), (264, 394), (264, 395), (264, 396), (264, 397), (264, 398), (265, 384), (265, 385), (265, 398), (266, 385), (266, 398), (267, 385), (267, 386), (267, 397), (268, 386), (268, 396), (268, 397), (269, 387), (269, 396), (269, 397), (270, 387), (270, 388), (270, 396), (271, 388), (271, 396), (272, 389), (272, 395), (272, 396), (273, 390), (273, 395), (273, 396), (274, 391), (274, 392), (274, 395), (274, 396), (275, 392), (275, 393), (275, 396), (276, 394), (276, 395), (276, 396)]
Stack Number (Distance from origin): 19 (95)
X, Y Coordinates of Nuclei: []
Stack Number (Distance from origin): 20 (100)
X, Y Coordinates of Nuclei: []
Stack Number (Distance from origin): 21 (105)
X, Y Coordinates of Nuclei: []
Stack Number (Distance from origin): 22 (110)
X, Y Coordinates of Nuclei: []
Stack Number (Distance from origin): 23 (115)
X, Y Coordinates of Nuclei: []
Stack Number (Distance from origin): 24 (120)
X, Y Coordinates of Nuclei: []
Stack Number (Distance from origin): 25 (125)
X, Y Coordinates of Nuclei: []
Stack Number (Distance from origin): 26 (130)
X, Y Coordinates of Nuclei: []
Stack Number (Distance from origin): 27 (135)
X, Y Coordinates of Nuclei: []
Stack Number (Distance from origin): 28 (140)
X, Y Coordinates of Nuclei: []
Stack Number (Distance from origin): 29 (145)
X, Y Coordinates of Nuclei: []
Stack Number (Distance from origin): 30 (150)
X, Y Coordinates of Nuclei: []
Stack Number (Distance from origin): 31 (155)
X, Y Coordinates of Nuclei: []
Stack Number (Distance from origin): 32 (160)
X, Y Coordinates of Nuclei: []
Stack Number (Distance from origin): 33 (165)
X, Y Coordinates of Nuclei: []
Stack Number (Distance from origin): 34 (170)
X, Y Coordinates of Nuclei: []
Stack Number (Distance from origin): 35 (175)
X, Y Coordinates of Nuclei: []
Stack Number (Distance from origin): 36 (180)
X, Y Coordinates of Nuclei: []
Stack Number (Distance from origin): 37 (185)
X, Y Coordinates of Nuclei: []
Stack Number (Distance from origin): 38 (190)
X, Y Coordinates of Nuclei: []
