438	426	10	
438	427	10	
439	422	10	
439	423	10	
439	424	10	
439	425	10	
439	427	10	
439	428	10	
440	420	10	
440	421	10	
440	422	10	
440	423	10	
440	427	10	
441	420	10	
441	425	10	
441	426	10	
442	419	10	
442	420	10	
442	424	10	
442	425	10	
443	419	10	
443	420	10	
443	424	10	
443	425	10	
444	419	10	
444	420	10	
444	424	10	
445	420	10	
445	421	10	
445	422	10	
445	423	10	
445	424	10	
446	421	10	
446	422	10	
421	434	15	
422	433	15	
422	434	15	
422	435	15	
423	432	15	
423	435	15	
423	436	15	
424	432	15	
424	436	15	
424	437	15	
424	438	15	
424	439	15	
424	440	15	
424	441	15	
424	442	15	
424	443	15	
425	425	15	
425	426	15	
425	427	15	
425	428	15	
425	429	15	
425	430	15	
425	431	15	
425	437	15	
425	438	15	
425	439	15	
425	440	15	
425	441	15	
425	442	15	
425	443	15	
425	444	15	
426	424	15	
426	425	15	
426	426	15	
426	427	15	
426	428	15	
426	429	15	
426	430	15	
426	444	15	
427	423	15	
427	424	15	
427	444	15	
428	422	15	
428	423	15	
428	443	15	
428	444	15	
429	419	15	
429	420	15	
429	421	15	
429	422	15	
429	443	15	
429	444	15	
430	416	15	
430	417	15	
430	418	15	
430	419	15	
430	443	15	
431	415	15	
431	416	15	
431	442	15	
432	414	15	
432	441	15	
432	442	15	
433	412	15	
433	413	15	
433	441	15	
433	442	15	
434	412	15	
434	441	15	
434	442	15	
435	411	15	
435	441	15	
435	442	15	
436	401	15	
436	402	15	
436	403	15	
436	404	15	
436	405	15	
436	406	15	
436	407	15	
436	408	15	
436	409	15	
436	410	15	
436	441	15	
437	399	15	
437	400	15	
437	401	15	
437	402	15	
437	403	15	
437	404	15	
437	405	15	
437	406	15	
437	407	15	
437	408	15	
437	441	15	
438	399	15	
438	440	15	
439	398	15	
439	440	15	
440	398	15	
440	439	15	
440	440	15	
441	397	15	
441	398	15	
441	439	15	
442	397	15	
442	398	15	
442	438	15	
443	397	15	
443	398	15	
443	437	15	
443	438	15	
444	397	15	
444	398	15	
444	437	15	
444	438	15	
445	398	15	
445	399	15	
445	400	15	
445	401	15	
445	402	15	
445	437	15	
446	399	15	
446	400	15	
446	401	15	
446	402	15	
446	403	15	
446	436	15	
446	437	15	
447	403	15	
447	404	15	
447	435	15	
448	403	15	
448	404	15	
448	434	15	
449	403	15	
449	404	15	
449	434	15	
450	403	15	
450	404	15	
450	433	15	
450	434	15	
451	403	15	
451	404	15	
451	433	15	
451	434	15	
452	403	15	
452	404	15	
452	417	15	
452	418	15	
452	419	15	
452	420	15	
452	421	15	
452	422	15	
452	423	15	
452	433	15	
453	403	15	
453	404	15	
453	410	15	
453	411	15	
453	412	15	
453	413	15	
453	414	15	
453	415	15	
453	416	15	
453	417	15	
453	418	15	
453	419	15	
453	420	15	
453	421	15	
453	422	15	
453	423	15	
453	424	15	
453	432	15	
453	433	15	
454	403	15	
454	404	15	
454	409	15	
454	410	15	
454	411	15	
454	412	15	
454	413	15	
454	414	15	
454	425	15	
454	431	15	
455	403	15	
455	404	15	
455	408	15	
455	409	15	
455	425	15	
455	426	15	
455	430	15	
456	403	15	
456	404	15	
456	408	15	
456	409	15	
456	426	15	
456	427	15	
456	430	15	
457	403	15	
457	404	15	
457	408	15	
457	409	15	
457	428	15	
457	429	15	
457	430	15	
458	403	15	
458	404	15	
458	408	15	
458	409	15	
459	403	15	
459	408	15	
459	409	15	
460	401	15	
460	402	15	
460	408	15	
461	399	15	
461	400	15	
461	407	15	
461	408	15	
462	399	15	
462	407	15	
463	398	15	
463	399	15	
463	406	15	
464	398	15	
464	399	15	
464	406	15	
465	398	15	
465	399	15	
465	405	15	
465	406	15	
466	398	15	
466	399	15	
466	405	15	
467	398	15	
467	399	15	
467	405	15	
468	398	15	
468	399	15	
468	404	15	
469	399	15	
469	404	15	
470	400	15	
470	401	15	
470	402	15	
470	403	15	
471	402	15	
402	430	20	
403	429	20	
403	430	20	
403	431	20	
404	424	20	
404	425	20	
404	426	20	
404	427	20	
404	428	20	
404	429	20	
404	431	20	
405	421	20	
405	422	20	
405	423	20	
405	424	20	
405	425	20	
405	426	20	
405	427	20	
405	428	20	
405	431	20	
406	419	20	
406	420	20	
406	421	20	
406	430	20	
406	431	20	
407	416	20	
407	417	20	
407	418	20	
407	419	20	
407	430	20	
407	431	20	
408	415	20	
408	416	20	
408	417	20	
408	430	20	
408	431	20	
409	414	20	
409	431	20	
410	413	20	
410	414	20	
410	431	20	
411	413	20	
411	431	20	
411	432	20	
412	412	20	
412	432	20	
412	433	20	
413	411	20	
413	412	20	
413	433	20	
413	434	20	
413	435	20	
413	436	20	
414	409	20	
414	410	20	
414	436	20	
414	437	20	
415	409	20	
415	438	20	
416	402	20	
416	403	20	
416	404	20	
416	405	20	
416	406	20	
416	407	20	
416	408	20	
416	438	20	
417	401	20	
417	402	20	
417	403	20	
417	404	20	
417	405	20	
417	406	20	
417	407	20	
417	439	20	
417	440	20	
417	441	20	
417	442	20	
417	443	20	
417	444	20	
417	445	20	
418	400	20	
418	401	20	
418	440	20	
418	441	20	
418	442	20	
418	443	20	
418	444	20	
418	445	20	
418	446	20	
419	400	20	
419	401	20	
419	446	20	
419	447	20	
420	400	20	
420	401	20	
420	446	20	
420	447	20	
421	400	20	
421	401	20	
421	446	20	
421	447	20	
422	400	20	
422	401	20	
422	446	20	
422	447	20	
423	400	20	
423	401	20	
423	446	20	
423	447	20	
424	400	20	
424	401	20	
424	446	20	
424	447	20	
425	400	20	
425	446	20	
426	398	20	
426	399	20	
426	446	20	
427	398	20	
427	445	20	
427	446	20	
428	397	20	
428	398	20	
428	445	20	
428	446	20	
429	397	20	
429	398	20	
429	445	20	
429	446	20	
430	397	20	
430	398	20	
430	445	20	
431	398	20	
431	444	20	
431	445	20	
432	398	20	
432	444	20	
433	398	20	
433	399	20	
433	443	20	
433	444	20	
434	398	20	
434	399	20	
434	443	20	
435	398	20	
435	399	20	
435	442	20	
435	443	20	
436	398	20	
436	399	20	
436	442	20	
437	398	20	
437	399	20	
437	441	20	
437	442	20	
438	398	20	
438	399	20	
438	441	20	
438	442	20	
439	398	20	
439	399	20	
439	441	20	
439	442	20	
440	397	20	
440	398	20	
440	441	20	
440	442	20	
441	395	20	
441	396	20	
441	397	20	
441	441	20	
441	442	20	
442	397	20	
442	441	20	
442	442	20	
443	395	20	
443	396	20	
443	397	20	
443	398	20	
443	441	20	
443	442	20	
444	398	20	
444	399	20	
444	441	20	
444	442	20	
445	398	20	
445	399	20	
445	441	20	
445	442	20	
446	399	20	
446	441	20	
446	442	20	
447	399	20	
447	400	20	
447	401	20	
447	441	20	
447	442	20	
448	401	20	
448	402	20	
448	441	20	
448	442	20	
449	402	20	
449	403	20	
449	441	20	
449	442	20	
450	402	20	
450	403	20	
450	441	20	
450	442	20	
451	403	20	
451	408	20	
451	409	20	
451	410	20	
451	411	20	
451	412	20	
451	413	20	
451	414	20	
451	441	20	
451	442	20	
452	403	20	
452	404	20	
452	405	20	
452	406	20	
452	407	20	
452	408	20	
452	409	20	
452	410	20	
452	411	20	
452	412	20	
452	413	20	
452	414	20	
452	415	20	
452	416	20	
452	441	20	
452	442	20	
453	405	20	
453	416	20	
453	441	20	
453	442	20	
454	416	20	
454	417	20	
454	442	20	
454	443	20	
455	416	20	
455	417	20	
455	443	20	
455	444	20	
456	417	20	
456	418	20	
456	419	20	
456	420	20	
456	421	20	
456	422	20	
456	423	20	
456	444	20	
457	418	20	
457	419	20	
457	420	20	
457	421	20	
457	422	20	
457	423	20	
457	424	20	
457	425	20	
457	443	20	
457	444	20	
458	426	20	
458	442	20	
458	443	20	
459	427	20	
459	440	20	
459	441	20	
460	427	20	
460	428	20	
460	440	20	
461	429	20	
461	439	20	
462	429	20	
462	430	20	
462	436	20	
462	437	20	
462	438	20	
463	429	20	
463	430	20	
463	434	20	
463	435	20	
463	436	20	
464	429	20	
464	430	20	
464	434	20	
465	430	20	
465	431	20	
465	432	20	
465	433	20	
466	431	20	
466	432	20	
394	427	25	
394	428	25	
394	429	25	
394	430	25	
394	431	25	
394	432	25	
394	433	25	
395	426	25	
395	427	25	
395	428	25	
395	429	25	
395	430	25	
395	433	25	
395	434	25	
396	425	25	
396	426	25	
396	434	25	
396	435	25	
397	425	25	
397	426	25	
397	435	25	
397	436	25	
397	437	25	
397	438	25	
397	439	25	
397	440	25	
397	441	25	
397	459	25	
398	425	25	
398	426	25	
398	438	25	
398	439	25	
398	440	25	
398	441	25	
398	442	25	
398	443	25	
398	458	25	
398	459	25	
398	460	25	
399	425	25	
399	426	25	
399	443	25	
399	458	25	
399	460	25	
400	425	25	
400	426	25	
400	444	25	
400	445	25	
400	446	25	
400	447	25	
400	448	25	
400	449	25	
400	450	25	
400	451	25	
400	452	25	
400	453	25	
400	454	25	
400	455	25	
400	456	25	
400	457	25	
400	458	25	
400	460	25	
401	425	25	
401	426	25	
401	445	25	
401	446	25	
401	447	25	
401	448	25	
401	449	25	
401	450	25	
401	451	25	
401	452	25	
401	453	25	
401	454	25	
401	455	25	
401	456	25	
401	459	25	
401	460	25	
402	402	25	
402	403	25	
402	404	25	
402	405	25	
402	425	25	
402	459	25	
402	460	25	
403	402	25	
403	406	25	
403	407	25	
403	424	25	
403	460	25	
403	461	25	
404	401	25	
404	407	25	
404	408	25	
404	409	25	
404	410	25	
404	422	25	
404	423	25	
404	461	25	
404	462	25	
405	400	25	
405	403	25	
405	404	25	
405	405	25	
405	406	25	
405	410	25	
405	411	25	
405	414	25	
405	415	25	
405	416	25	
405	417	25	
405	418	25	
405	419	25	
405	420	25	
405	421	25	
405	422	25	
405	463	25	
406	399	25	
406	401	25	
406	402	25	
406	403	25	
406	404	25	
406	405	25	
406	406	25	
406	407	25	
406	408	25	
406	409	25	
406	410	25	
406	414	25	
406	416	25	
406	417	25	
406	418	25	
406	419	25	
406	463	25	
407	399	25	
407	401	25	
407	414	25	
407	463	25	
407	464	25	
408	397	25	
408	398	25	
408	400	25	
408	401	25	
408	414	25	
408	415	25	
408	463	25	
408	464	25	
409	396	25	
409	397	25	
409	400	25	
409	415	25	
409	416	25	
409	417	25	
409	418	25	
409	463	25	
409	464	25	
410	395	25	
410	396	25	
410	400	25	
410	416	25	
410	417	25	
410	418	25	
410	419	25	
410	463	25	
410	464	25	
411	395	25	
411	396	25	
411	399	25	
411	419	25	
411	420	25	
411	463	25	
411	464	25	
412	396	25	
412	397	25	
412	398	25	
412	399	25	
412	419	25	
412	420	25	
412	463	25	
412	464	25	
413	397	25	
413	419	25	
413	420	25	
413	463	25	
413	464	25	
414	419	25	
414	420	25	
414	463	25	
415	419	25	
415	420	25	
415	463	25	
416	419	25	
416	420	25	
416	462	25	
417	419	25	
417	420	25	
417	460	25	
417	461	25	
418	420	25	
418	459	25	
419	420	25	
419	421	25	
419	458	25	
419	459	25	
420	422	25	
420	458	25	
421	423	25	
421	424	25	
421	425	25	
421	457	25	
422	424	25	
422	425	25	
422	426	25	
422	456	25	
422	457	25	
423	427	25	
423	428	25	
423	429	25	
423	456	25	
424	428	25	
424	429	25	
424	430	25	
424	456	25	
425	430	25	
425	431	25	
425	455	25	
425	456	25	
426	430	25	
426	431	25	
426	455	25	
426	456	25	
427	430	25	
427	431	25	
427	455	25	
427	456	25	
428	430	25	
428	431	25	
428	455	25	
428	456	25	
429	430	25	
429	431	25	
429	455	25	
429	456	25	
430	430	25	
430	431	25	
430	455	25	
430	456	25	
431	430	25	
431	431	25	
431	455	25	
431	456	25	
432	430	25	
432	431	25	
432	456	25	
433	430	25	
433	456	25	
434	430	25	
434	456	25	
435	429	25	
435	430	25	
435	455	25	
436	429	25	
436	430	25	
436	455	25	
437	429	25	
437	430	25	
437	454	25	
437	455	25	
438	428	25	
438	429	25	
438	454	25	
438	455	25	
439	427	25	
439	428	25	
439	454	25	
439	455	25	
440	426	25	
440	454	25	
440	455	25	
441	425	25	
441	426	25	
441	454	25	
441	455	25	
442	423	25	
442	424	25	
442	454	25	
442	455	25	
443	422	25	
443	423	25	
443	454	25	
443	455	25	
444	422	25	
444	454	25	
444	455	25	
445	421	25	
445	422	25	
445	454	25	
446	420	25	
446	421	25	
446	454	25	
447	419	25	
447	420	25	
447	453	25	
448	418	25	
448	419	25	
448	452	25	
449	412	25	
449	413	25	
449	414	25	
449	415	25	
449	416	25	
449	417	25	
449	418	25	
449	451	25	
450	411	25	
450	412	25	
450	413	25	
450	414	25	
450	415	25	
450	416	25	
450	417	25	
450	451	25	
451	411	25	
451	412	25	
451	413	25	
451	450	25	
451	451	25	
452	412	25	
452	413	25	
452	414	25	
452	415	25	
452	450	25	
452	451	25	
453	416	25	
453	417	25	
453	450	25	
454	417	25	
454	449	25	
454	450	25	
455	417	25	
455	418	25	
455	447	25	
455	448	25	
456	417	25	
456	418	25	
456	447	25	
457	417	25	
457	418	25	
457	446	25	
458	418	25	
458	419	25	
458	420	25	
458	445	25	
458	446	25	
459	419	25	
459	420	25	
459	421	25	
459	439	25	
459	440	25	
459	441	25	
459	442	25	
459	443	25	
459	444	25	
460	421	25	
460	422	25	
460	437	25	
460	438	25	
460	439	25	
460	440	25	
460	441	25	
460	442	25	
461	422	25	
461	423	25	
461	424	25	
461	437	25	
462	423	25	
462	424	25	
462	425	25	
462	436	25	
463	426	25	
463	433	25	
463	434	25	
463	435	25	
464	426	25	
464	431	25	
464	432	25	
464	433	25	
465	427	25	
465	428	25	
465	429	25	
465	430	25	
465	431	25	
466	428	25	
466	429	25	
474	376	25	
474	377	25	
474	378	25	
474	379	25	
474	380	25	
475	375	25	
475	376	25	
475	377	25	
475	380	25	
475	381	25	
476	374	25	
476	375	25	
476	378	25	
476	379	25	
476	380	25	
477	374	25	
477	376	25	
477	377	25	
478	374	25	
478	376	25	
482	373	25	
483	372	25	
483	373	25	
483	374	25	
484	370	25	
484	371	25	
484	374	25	
484	375	25	
485	369	25	
485	370	25	
485	374	25	
485	375	25	
486	368	25	
486	369	25	
486	374	25	
486	375	25	
487	368	25	
487	369	25	
487	374	25	
487	375	25	
488	368	25	
488	374	25	
488	375	25	
489	368	25	
489	374	25	
489	375	25	
490	368	25	
490	374	25	
490	375	25	
491	368	25	
491	369	25	
491	374	25	
491	375	25	
492	368	25	
492	369	25	
492	374	25	
492	375	25	
493	369	25	
493	374	25	
493	375	25	
494	369	25	
494	375	25	
495	370	25	
495	371	25	
495	372	25	
495	376	25	
496	371	25	
496	372	25	
496	373	25	
496	374	25	
496	375	25	
496	376	25	
497	375	25	
382	410	30	
382	411	30	
383	410	30	
383	412	30	
384	410	30	
384	412	30	
384	413	30	
385	410	30	
385	413	30	
385	414	30	
385	430	30	
385	431	30	
386	410	30	
386	411	30	
386	414	30	
386	415	30	
386	429	30	
386	430	30	
386	431	30	
386	432	30	
387	411	30	
387	414	30	
387	415	30	
387	428	30	
387	429	30	
387	433	30	
387	434	30	
387	435	30	
388	411	30	
388	412	30	
388	415	30	
388	416	30	
388	428	30	
388	429	30	
388	434	30	
388	435	30	
388	436	30	
388	437	30	
388	458	30	
388	460	30	
389	413	30	
389	416	30	
389	417	30	
389	428	30	
389	429	30	
389	437	30	
389	438	30	
389	458	30	
389	460	30	
390	414	30	
390	418	30	
390	419	30	
390	420	30	
390	421	30	
390	422	30	
390	423	30	
390	424	30	
390	425	30	
390	426	30	
390	427	30	
390	428	30	
390	438	30	
390	439	30	
390	458	30	
390	459	30	
390	460	30	
390	461	30	
391	414	30	
391	419	30	
391	420	30	
391	421	30	
391	422	30	
391	423	30	
391	424	30	
391	425	30	
391	426	30	
391	427	30	
391	440	30	
391	441	30	
391	458	30	
391	460	30	
391	461	30	
392	414	30	
392	415	30	
392	442	30	
392	443	30	
392	458	30	
392	461	30	
393	414	30	
393	415	30	
393	443	30	
393	457	30	
393	461	30	
393	462	30	
394	414	30	
394	415	30	
394	444	30	
394	445	30	
394	456	30	
394	457	30	
394	462	30	
394	463	30	
395	414	30	
395	415	30	
395	445	30	
395	446	30	
395	447	30	
395	448	30	
395	449	30	
395	450	30	
395	451	30	
395	452	30	
395	453	30	
395	454	30	
395	455	30	
395	456	30	
395	463	30	
396	414	30	
396	415	30	
396	448	30	
396	449	30	
396	450	30	
396	451	30	
396	452	30	
396	453	30	
396	454	30	
396	464	30	
397	414	30	
397	415	30	
397	464	30	
398	414	30	
398	415	30	
398	464	30	
398	465	30	
399	414	30	
399	464	30	
399	465	30	
400	413	30	
400	414	30	
400	464	30	
400	465	30	
401	407	30	
401	408	30	
401	409	30	
401	410	30	
401	411	30	
401	412	30	
401	413	30	
401	464	30	
401	465	30	
402	406	30	
402	407	30	
402	408	30	
402	409	30	
402	410	30	
402	411	30	
402	464	30	
402	465	30	
403	405	30	
403	406	30	
403	465	30	
404	406	30	
404	407	30	
404	408	30	
404	409	30	
404	410	30	
404	411	30	
404	465	30	
405	407	30	
405	408	30	
405	409	30	
405	410	30	
405	411	30	
405	412	30	
405	413	30	
405	465	30	
405	466	30	
406	414	30	
406	415	30	
406	466	30	
407	415	30	
407	466	30	
408	415	30	
408	416	30	
408	466	30	
409	416	30	
409	417	30	
409	466	30	
410	417	30	
410	418	30	
410	465	30	
410	466	30	
411	419	30	
411	420	30	
411	465	30	
411	466	30	
412	420	30	
412	421	30	
412	465	30	
412	466	30	
413	421	30	
413	422	30	
413	465	30	
413	466	30	
414	422	30	
414	423	30	
414	424	30	
414	425	30	
414	426	30	
414	427	30	
414	428	30	
414	464	30	
414	465	30	
415	423	30	
415	424	30	
415	425	30	
415	426	30	
415	427	30	
415	428	30	
415	429	30	
415	430	30	
415	463	30	
415	464	30	
416	431	30	
416	432	30	
416	462	30	
417	433	30	
417	461	30	
417	462	30	
418	433	30	
418	434	30	
418	459	30	
418	460	30	
419	433	30	
419	434	30	
419	459	30	
420	433	30	
420	434	30	
420	458	30	
421	433	30	
421	434	30	
421	457	30	
422	433	30	
422	434	30	
422	456	30	
422	457	30	
423	433	30	
423	434	30	
423	456	30	
423	457	30	
424	433	30	
424	434	30	
424	456	30	
424	457	30	
425	433	30	
425	456	30	
425	457	30	
426	433	30	
426	456	30	
426	457	30	
427	432	30	
427	456	30	
427	457	30	
428	432	30	
428	456	30	
428	457	30	
429	431	30	
429	432	30	
429	456	30	
429	457	30	
430	431	30	
430	432	30	
430	457	30	
431	431	30	
431	432	30	
431	457	30	
431	458	30	
432	431	30	
432	432	30	
432	458	30	
433	431	30	
433	432	30	
433	458	30	
434	431	30	
434	458	30	
435	382	30	
435	429	30	
435	430	30	
435	431	30	
435	457	30	
436	381	30	
436	382	30	
436	383	30	
436	427	30	
436	428	30	
436	429	30	
436	457	30	
437	381	30	
437	382	30	
437	383	30	
437	427	30	
437	456	30	
437	457	30	
438	382	30	
438	426	30	
438	456	30	
438	457	30	
439	425	30	
439	426	30	
439	456	30	
439	457	30	
440	423	30	
440	424	30	
440	456	30	
440	457	30	
441	423	30	
441	456	30	
441	457	30	
442	422	30	
442	456	30	
442	457	30	
443	422	30	
443	456	30	
443	457	30	
444	421	30	
444	456	30	
444	457	30	
445	420	30	
445	456	30	
445	457	30	
446	419	30	
446	420	30	
446	456	30	
447	419	30	
447	420	30	
447	455	30	
447	456	30	
448	419	30	
448	420	30	
448	455	30	
449	412	30	
449	413	30	
449	414	30	
449	415	30	
449	416	30	
449	417	30	
449	418	30	
449	419	30	
449	454	30	
450	409	30	
450	410	30	
450	411	30	
450	412	30	
450	413	30	
450	414	30	
450	415	30	
450	416	30	
450	417	30	
450	418	30	
450	454	30	
451	408	30	
451	409	30	
451	412	30	
451	413	30	
451	414	30	
451	415	30	
451	453	30	
451	454	30	
452	409	30	
452	410	30	
452	411	30	
452	412	30	
452	413	30	
452	414	30	
452	415	30	
452	416	30	
452	417	30	
452	453	30	
452	454	30	
453	417	30	
453	453	30	
453	454	30	
454	417	30	
454	418	30	
454	453	30	
455	418	30	
455	419	30	
455	420	30	
455	421	30	
455	422	30	
455	444	30	
455	445	30	
455	446	30	
455	447	30	
455	448	30	
455	449	30	
455	450	30	
455	451	30	
455	452	30	
456	419	30	
456	420	30	
456	421	30	
456	422	30	
456	423	30	
456	443	30	
456	444	30	
456	445	30	
456	446	30	
456	447	30	
456	448	30	
456	449	30	
456	450	30	
457	423	30	
457	424	30	
457	442	30	
458	423	30	
458	424	30	
458	441	30	
458	442	30	
459	423	30	
459	424	30	
459	441	30	
460	423	30	
460	424	30	
460	437	30	
460	438	30	
460	439	30	
460	440	30	
461	423	30	
461	424	30	
461	436	30	
461	437	30	
461	438	30	
461	439	30	
462	423	30	
462	424	30	
462	435	30	
463	423	30	
463	424	30	
463	432	30	
463	433	30	
463	434	30	
464	423	30	
464	424	30	
464	429	30	
464	430	30	
464	431	30	
464	432	30	
465	424	30	
465	427	30	
465	428	30	
465	429	30	
466	424	30	
466	425	30	
466	426	30	
466	427	30	
472	375	30	
472	377	30	
473	375	30	
473	377	30	
473	378	30	
474	375	30	
474	376	30	
474	378	30	
475	375	30	
475	376	30	
475	378	30	
475	379	30	
476	375	30	
476	376	30	
476	378	30	
476	379	30	
477	375	30	
477	376	30	
477	379	30	
478	375	30	
478	380	30	
479	375	30	
479	380	30	
479	381	30	
479	415	30	
479	416	30	
479	417	30	
480	374	30	
480	380	30	
480	381	30	
480	412	30	
480	413	30	
480	414	30	
480	415	30	
480	417	30	
481	372	30	
481	373	30	
481	380	30	
481	381	30	
481	411	30	
481	412	30	
481	413	30	
481	416	30	
481	417	30	
482	370	30	
482	371	30	
482	380	30	
482	381	30	
482	409	30	
482	410	30	
482	416	30	
483	369	30	
483	380	30	
483	381	30	
483	407	30	
483	408	30	
483	409	30	
483	415	30	
484	368	30	
484	369	30	
484	380	30	
484	381	30	
484	406	30	
484	414	30	
485	368	30	
485	369	30	
485	381	30	
485	405	30	
485	413	30	
485	414	30	
486	368	30	
486	369	30	
486	381	30	
486	382	30	
486	383	30	
486	384	30	
486	404	30	
486	413	30	
486	414	30	
487	368	30	
487	369	30	
487	383	30	
487	384	30	
487	385	30	
487	386	30	
487	387	30	
487	402	30	
487	403	30	
487	413	30	
487	414	30	
488	368	30	
488	369	30	
488	387	30	
488	388	30	
488	389	30	
488	390	30	
488	391	30	
488	392	30	
488	401	30	
488	402	30	
488	405	30	
488	406	30	
488	407	30	
488	408	30	
488	409	30	
488	410	30	
488	411	30	
488	412	30	
488	413	30	
489	368	30	
489	369	30	
489	390	30	
489	391	30	
489	392	30	
489	393	30	
489	402	30	
489	403	30	
489	404	30	
489	405	30	
489	406	30	
489	407	30	
489	408	30	
489	409	30	
489	410	30	
489	411	30	
489	412	30	
490	368	30	
490	369	30	
490	393	30	
490	394	30	
491	366	30	
491	367	30	
491	368	30	
491	393	30	
491	394	30	
492	365	30	
492	366	30	
492	367	30	
492	393	30	
492	394	30	
493	364	30	
493	365	30	
493	382	30	
493	383	30	
493	384	30	
493	385	30	
493	386	30	
493	387	30	
493	388	30	
493	389	30	
493	390	30	
493	391	30	
493	392	30	
493	393	30	
494	364	30	
494	365	30	
494	381	30	
494	382	30	
494	383	30	
494	384	30	
494	385	30	
494	386	30	
494	387	30	
494	388	30	
494	389	30	
494	390	30	
494	391	30	
494	392	30	
495	364	30	
495	365	30	
495	376	30	
495	377	30	
495	378	30	
495	379	30	
495	380	30	
496	365	30	
496	366	30	
496	367	30	
496	368	30	
496	369	30	
496	370	30	
496	371	30	
496	372	30	
496	373	30	
496	374	30	
496	375	30	
496	376	30	
496	377	30	
496	378	30	
496	379	30	
497	366	30	
497	367	30	
497	368	30	
497	369	30	
497	370	30	
497	371	30	
497	372	30	
497	373	30	
378	462	35	
378	463	35	
378	464	35	
379	461	35	
379	464	35	
379	465	35	
380	460	35	
380	463	35	
380	464	35	
381	459	35	
381	460	35	
381	462	35	
382	444	35	
382	445	35	
382	459	35	
382	460	35	
382	461	35	
382	462	35	
383	443	35	
383	444	35	
383	446	35	
383	447	35	
383	459	35	
383	460	35	
383	461	35	
383	462	35	
384	443	35	
384	444	35	
384	447	35	
384	448	35	
384	449	35	
384	450	35	
384	451	35	
384	452	35	
384	453	35	
384	454	35	
384	455	35	
384	456	35	
384	457	35	
384	458	35	
384	459	35	
384	461	35	
384	462	35	
385	431	35	
385	443	35	
385	450	35	
385	451	35	
385	452	35	
385	453	35	
385	454	35	
385	455	35	
385	456	35	
385	457	35	
385	458	35	
385	461	35	
385	462	35	
386	430	35	
386	431	35	
386	432	35	
386	433	35	
386	434	35	
386	435	35	
386	436	35	
386	437	35	
386	438	35	
386	439	35	
386	440	35	
386	441	35	
386	442	35	
386	443	35	
386	461	35	
386	462	35	
387	429	35	
387	430	35	
387	434	35	
387	435	35	
387	436	35	
387	437	35	
387	438	35	
387	439	35	
387	440	35	
387	441	35	
387	461	35	
387	462	35	
388	429	35	
388	430	35	
388	461	35	
388	462	35	
389	429	35	
389	461	35	
389	462	35	
390	428	35	
390	429	35	
390	461	35	
390	462	35	
391	428	35	
391	461	35	
391	462	35	
392	415	35	
392	416	35	
392	417	35	
392	418	35	
392	419	35	
392	420	35	
392	421	35	
392	422	35	
392	423	35	
392	424	35	
392	425	35	
392	426	35	
392	427	35	
392	461	35	
392	462	35	
393	415	35	
393	420	35	
393	421	35	
393	422	35	
393	423	35	
393	424	35	
393	425	35	
393	426	35	
393	462	35	
394	415	35	
394	462	35	
394	463	35	
395	415	35	
395	416	35	
395	463	35	
395	464	35	
396	415	35	
396	416	35	
396	464	35	
397	415	35	
397	416	35	
397	464	35	
397	465	35	
398	415	35	
398	416	35	
398	464	35	
398	465	35	
399	415	35	
399	416	35	
399	464	35	
399	465	35	
400	415	35	
400	416	35	
400	464	35	
400	465	35	
401	415	35	
401	416	35	
401	464	35	
401	465	35	
402	415	35	
402	416	35	
402	464	35	
402	465	35	
403	415	35	
403	465	35	
404	415	35	
404	465	35	
404	466	35	
405	414	35	
405	415	35	
405	466	35	
406	414	35	
406	415	35	
406	466	35	
406	467	35	
407	415	35	
407	466	35	
407	467	35	
408	415	35	
408	416	35	
408	466	35	
408	467	35	
409	417	35	
409	466	35	
410	418	35	
410	419	35	
410	466	35	
411	419	35	
411	420	35	
411	464	35	
411	465	35	
412	420	35	
412	421	35	
412	459	35	
412	460	35	
412	461	35	
412	462	35	
412	463	35	
412	464	35	
413	420	35	
413	421	35	
413	425	35	
413	426	35	
413	427	35	
413	428	35	
413	429	35	
413	430	35	
413	431	35	
413	458	35	
413	459	35	
413	460	35	
413	461	35	
414	421	35	
414	422	35	
414	423	35	
414	424	35	
414	425	35	
414	426	35	
414	427	35	
414	428	35	
414	429	35	
414	430	35	
414	431	35	
414	432	35	
414	457	35	
415	422	35	
415	433	35	
415	457	35	
416	434	35	
416	456	35	
416	457	35	
417	434	35	
417	435	35	
417	456	35	
417	457	35	
418	435	35	
418	456	35	
418	457	35	
419	435	35	
419	456	35	
419	457	35	
420	435	35	
420	436	35	
420	456	35	
420	457	35	
421	435	35	
421	436	35	
421	456	35	
421	457	35	
422	435	35	
422	436	35	
422	456	35	
422	457	35	
423	435	35	
423	436	35	
423	456	35	
423	457	35	
424	435	35	
424	436	35	
424	456	35	
424	457	35	
425	435	35	
425	436	35	
425	456	35	
425	457	35	
426	435	35	
426	436	35	
426	457	35	
427	434	35	
427	435	35	
427	457	35	
428	432	35	
428	433	35	
428	434	35	
428	457	35	
428	458	35	
429	432	35	
429	457	35	
429	458	35	
430	431	35	
430	432	35	
430	458	35	
431	431	35	
431	432	35	
431	458	35	
432	431	35	
432	458	35	
433	431	35	
433	458	35	
434	430	35	
434	457	35	
434	458	35	
435	429	35	
435	457	35	
435	458	35	
436	428	35	
436	429	35	
436	457	35	
436	458	35	
437	428	35	
437	429	35	
437	457	35	
437	458	35	
438	428	35	
438	457	35	
439	427	35	
439	457	35	
440	379	35	
440	426	35	
440	456	35	
440	457	35	
441	378	35	
441	379	35	
441	380	35	
441	426	35	
441	456	35	
441	457	35	
442	377	35	
442	378	35	
442	380	35	
442	381	35	
442	424	35	
442	425	35	
442	456	35	
442	457	35	
443	377	35	
443	380	35	
443	422	35	
443	423	35	
443	424	35	
443	456	35	
443	457	35	
444	377	35	
444	380	35	
444	420	35	
444	421	35	
444	456	35	
444	457	35	
445	376	35	
445	379	35	
445	380	35	
445	419	35	
445	420	35	
445	456	35	
446	376	35	
446	378	35	
446	379	35	
446	419	35	
446	456	35	
447	376	35	
447	377	35	
447	378	35	
447	418	35	
447	419	35	
447	455	35	
448	418	35	
448	454	35	
448	455	35	
449	416	35	
449	417	35	
449	418	35	
449	453	35	
449	454	35	
450	410	35	
450	411	35	
450	412	35	
450	413	35	
450	414	35	
450	415	35	
450	416	35	
450	447	35	
450	448	35	
450	449	35	
450	450	35	
450	451	35	
450	452	35	
450	453	35	
451	409	35	
451	410	35	
451	445	35	
451	446	35	
451	447	35	
451	448	35	
451	449	35	
451	450	35	
451	451	35	
452	410	35	
452	411	35	
452	412	35	
452	413	35	
452	414	35	
452	415	35	
452	416	35	
452	417	35	
452	418	35	
452	419	35	
452	420	35	
452	445	35	
453	418	35	
453	419	35	
453	420	35	
453	421	35	
453	443	35	
453	444	35	
454	421	35	
454	422	35	
454	441	35	
454	442	35	
454	443	35	
455	422	35	
455	423	35	
455	424	35	
455	425	35	
455	440	35	
455	441	35	
456	423	35	
456	424	35	
456	425	35	
456	426	35	
456	439	35	
456	440	35	
457	426	35	
457	427	35	
457	437	35	
457	438	35	
458	426	35	
458	427	35	
458	436	35	
458	437	35	
459	426	35	
459	427	35	
459	436	35	
460	426	35	
460	427	35	
460	435	35	
460	436	35	
461	426	35	
461	427	35	
461	435	35	
461	436	35	
462	426	35	
462	427	35	
462	435	35	
463	426	35	
463	427	35	
463	432	35	
463	433	35	
463	434	35	
463	435	35	
464	426	35	
464	430	35	
464	431	35	
464	432	35	
464	433	35	
465	426	35	
465	428	35	
465	429	35	
466	426	35	
466	427	35	
480	373	35	
480	374	35	
480	375	35	
480	376	35	
480	377	35	
480	378	35	
481	371	35	
481	372	35	
481	373	35	
481	374	35	
481	375	35	
481	378	35	
482	370	35	
482	371	35	
482	378	35	
482	379	35	
483	369	35	
483	379	35	
483	380	35	
483	415	35	
483	416	35	
484	368	35	
484	369	35	
484	381	35	
484	382	35	
484	410	35	
484	411	35	
484	412	35	
484	413	35	
484	414	35	
484	415	35	
484	416	35	
484	417	35	
485	368	35	
485	369	35	
485	382	35	
485	383	35	
485	384	35	
485	385	35	
485	408	35	
485	409	35	
485	410	35	
485	411	35	
485	412	35	
485	417	35	
485	418	35	
486	368	35	
486	369	35	
486	385	35	
486	386	35	
486	387	35	
486	407	35	
486	408	35	
486	417	35	
486	418	35	
487	368	35	
487	369	35	
487	387	35	
487	407	35	
487	417	35	
487	418	35	
488	368	35	
488	369	35	
488	387	35	
488	388	35	
488	407	35	
488	408	35	
488	409	35	
488	410	35	
488	411	35	
488	412	35	
488	413	35	
488	414	35	
488	415	35	
488	416	35	
488	417	35	
489	368	35	
489	369	35	
489	387	35	
489	388	35	
489	408	35	
489	409	35	
489	410	35	
489	411	35	
489	412	35	
489	413	35	
489	414	35	
489	415	35	
489	416	35	
490	368	35	
490	369	35	
490	387	35	
491	369	35	
491	370	35	
491	371	35	
491	372	35	
491	373	35	
491	374	35	
491	375	35	
491	376	35	
491	387	35	
492	370	35	
492	371	35	
492	372	35	
492	373	35	
492	374	35	
492	375	35	
492	376	35	
492	377	35	
492	386	35	
492	387	35	
493	365	35	
493	366	35	
493	367	35	
493	378	35	
493	379	35	
493	386	35	
493	387	35	
494	364	35	
494	367	35	
494	368	35	
494	379	35	
494	380	35	
494	381	35	
494	382	35	
494	386	35	
494	387	35	
495	363	35	
495	364	35	
495	367	35	
495	368	35	
495	382	35	
495	383	35	
495	386	35	
495	387	35	
496	363	35	
496	364	35	
496	367	35	
496	368	35	
496	384	35	
496	385	35	
496	386	35	
497	363	35	
497	364	35	
497	367	35	
497	368	35	
497	385	35	
498	364	35	
498	365	35	
498	366	35	
498	367	35	
499	365	35	
499	366	35	
502	362	35	
502	363	35	
503	362	35	
503	363	35	
388	461	40	
388	462	40	
389	460	40	
389	461	40	
389	462	40	
389	463	40	
390	418	40	
390	460	40	
390	461	40	
390	462	40	
390	463	40	
391	417	40	
391	418	40	
391	419	40	
391	420	40	
391	460	40	
391	461	40	
391	462	40	
391	463	40	
392	416	40	
392	417	40	
392	420	40	
392	421	40	
392	422	40	
392	423	40	
392	424	40	
392	425	40	
392	426	40	
392	427	40	
392	460	40	
392	461	40	
392	462	40	
392	463	40	
393	416	40	
393	422	40	
393	423	40	
393	424	40	
393	425	40	
393	426	40	
393	427	40	
393	428	40	
393	460	40	
393	462	40	
393	463	40	
394	415	40	
394	428	40	
394	429	40	
394	459	40	
394	463	40	
394	464	40	
395	414	40	
395	415	40	
395	428	40	
395	429	40	
395	458	40	
395	464	40	
395	465	40	
395	466	40	
396	415	40	
396	416	40	
396	428	40	
396	429	40	
396	452	40	
396	453	40	
396	454	40	
396	455	40	
396	456	40	
396	457	40	
396	458	40	
396	466	40	
396	467	40	
396	468	40	
397	416	40	
397	417	40	
397	428	40	
397	429	40	
397	451	40	
397	452	40	
397	453	40	
397	454	40	
397	455	40	
397	456	40	
397	468	40	
398	418	40	
398	419	40	
398	429	40	
398	450	40	
398	451	40	
398	468	40	
399	419	40	
399	420	40	
399	421	40	
399	429	40	
399	430	40	
399	450	40	
399	467	40	
400	421	40	
400	431	40	
400	432	40	
400	448	40	
400	449	40	
400	467	40	
401	421	40	
401	422	40	
401	432	40	
401	433	40	
401	434	40	
401	446	40	
401	447	40	
401	448	40	
401	466	40	
402	421	40	
402	422	40	
402	434	40	
402	435	40	
402	436	40	
402	437	40	
402	438	40	
402	439	40	
402	440	40	
402	441	40	
402	442	40	
402	443	40	
402	444	40	
402	445	40	
402	446	40	
402	466	40	
403	421	40	
403	422	40	
403	437	40	
403	438	40	
403	439	40	
403	440	40	
403	441	40	
403	442	40	
403	443	40	
403	465	40	
403	466	40	
404	421	40	
404	422	40	
404	465	40	
404	466	40	
405	421	40	
405	422	40	
405	465	40	
405	466	40	
406	421	40	
406	422	40	
406	465	40	
406	466	40	
407	421	40	
407	422	40	
407	465	40	
407	466	40	
408	421	40	
408	422	40	
408	465	40	
408	466	40	
409	421	40	
409	422	40	
409	456	40	
409	457	40	
409	458	40	
409	459	40	
409	460	40	
409	461	40	
409	462	40	
409	463	40	
409	464	40	
409	465	40	
410	421	40	
410	422	40	
410	454	40	
410	455	40	
410	456	40	
410	457	40	
410	458	40	
410	459	40	
410	460	40	
410	461	40	
410	462	40	
410	463	40	
410	464	40	
411	421	40	
411	454	40	
412	421	40	
412	453	40	
412	454	40	
413	420	40	
413	421	40	
413	453	40	
413	454	40	
414	420	40	
414	421	40	
414	453	40	
414	454	40	
415	420	40	
415	421	40	
415	453	40	
415	454	40	
416	420	40	
416	421	40	
416	453	40	
416	454	40	
417	420	40	
417	421	40	
417	453	40	
417	454	40	
418	420	40	
418	421	40	
418	453	40	
418	454	40	
419	421	40	
419	454	40	
420	421	40	
420	454	40	
421	421	40	
421	422	40	
421	454	40	
421	455	40	
422	421	40	
422	422	40	
422	455	40	
423	422	40	
423	423	40	
423	456	40	
424	423	40	
424	424	40	
424	456	40	
424	457	40	
425	425	40	
425	426	40	
425	427	40	
425	428	40	
425	456	40	
425	457	40	
426	426	40	
426	427	40	
426	428	40	
426	429	40	
426	456	40	
426	457	40	
427	429	40	
427	430	40	
427	456	40	
427	457	40	
428	429	40	
428	430	40	
428	456	40	
428	457	40	
429	429	40	
429	430	40	
429	456	40	
429	457	40	
430	429	40	
430	430	40	
430	456	40	
430	457	40	
431	429	40	
431	430	40	
431	456	40	
431	457	40	
432	429	40	
432	430	40	
432	456	40	
432	457	40	
433	429	40	
433	430	40	
433	457	40	
434	428	40	
434	429	40	
434	457	40	
435	427	40	
435	428	40	
435	457	40	
435	458	40	
436	426	40	
436	427	40	
436	450	40	
436	451	40	
436	452	40	
436	453	40	
436	454	40	
436	455	40	
436	456	40	
436	457	40	
437	426	40	
437	427	40	
437	447	40	
437	448	40	
437	449	40	
437	450	40	
437	451	40	
437	452	40	
437	453	40	
437	454	40	
437	455	40	
437	456	40	
438	426	40	
438	427	40	
438	446	40	
438	447	40	
439	426	40	
439	445	40	
440	425	40	
440	426	40	
440	445	40	
441	424	40	
441	425	40	
441	444	40	
441	445	40	
442	423	40	
442	444	40	
442	445	40	
443	421	40	
443	422	40	
443	444	40	
443	445	40	
444	376	40	
444	377	40	
444	378	40	
444	379	40	
444	419	40	
444	420	40	
444	421	40	
444	444	40	
444	445	40	
445	375	40	
445	376	40	
445	377	40	
445	378	40	
445	379	40	
445	380	40	
445	418	40	
445	419	40	
445	444	40	
445	445	40	
446	375	40	
446	376	40	
446	377	40	
446	378	40	
446	379	40	
446	380	40	
446	417	40	
446	418	40	
446	444	40	
447	376	40	
447	377	40	
447	378	40	
447	379	40	
447	416	40	
447	417	40	
447	444	40	
448	416	40	
448	443	40	
448	444	40	
449	416	40	
449	417	40	
449	418	40	
449	419	40	
449	420	40	
449	443	40	
449	444	40	
450	411	40	
450	417	40	
450	418	40	
450	419	40	
450	420	40	
450	421	40	
450	443	40	
450	444	40	
451	407	40	
451	408	40	
451	409	40	
451	410	40	
451	411	40	
451	412	40	
451	421	40	
451	422	40	
451	443	40	
452	406	40	
452	411	40	
452	412	40	
452	421	40	
452	422	40	
452	443	40	
453	406	40	
453	407	40	
453	408	40	
453	409	40	
453	410	40	
453	411	40	
453	421	40	
453	422	40	
453	442	40	
454	421	40	
454	422	40	
454	440	40	
454	441	40	
454	442	40	
455	421	40	
455	422	40	
455	439	40	
455	440	40	
456	421	40	
456	422	40	
456	438	40	
456	439	40	
457	421	40	
457	422	40	
457	438	40	
458	421	40	
458	422	40	
458	437	40	
458	438	40	
459	422	40	
459	437	40	
460	423	40	
460	424	40	
460	425	40	
460	436	40	
460	437	40	
461	425	40	
461	426	40	
461	436	40	
461	437	40	
462	426	40	
462	427	40	
462	436	40	
462	437	40	
463	426	40	
463	427	40	
463	434	40	
463	435	40	
463	436	40	
464	426	40	
464	427	40	
464	432	40	
464	433	40	
464	434	40	
464	435	40	
465	427	40	
465	431	40	
465	432	40	
466	428	40	
466	429	40	
466	430	40	
480	375	40	
480	376	40	
481	373	40	
481	374	40	
481	375	40	
481	376	40	
481	377	40	
481	378	40	
482	372	40	
482	379	40	
482	380	40	
483	371	40	
483	381	40	
483	382	40	
483	414	40	
483	415	40	
483	416	40	
484	369	40	
484	370	40	
484	382	40	
484	383	40	
484	412	40	
484	413	40	
484	414	40	
484	415	40	
484	416	40	
484	417	40	
485	369	40	
485	383	40	
485	411	40	
485	412	40	
485	417	40	
485	418	40	
486	368	40	
486	369	40	
486	384	40	
486	385	40	
486	386	40	
486	387	40	
486	388	40	
486	389	40	
486	390	40	
486	391	40	
486	392	40	
486	411	40	
486	417	40	
486	418	40	
487	368	40	
487	369	40	
487	385	40	
487	386	40	
487	387	40	
487	388	40	
487	392	40	
487	393	40	
487	410	40	
487	411	40	
487	417	40	
488	368	40	
488	369	40	
488	390	40	
488	391	40	
488	392	40	
488	411	40	
488	412	40	
488	413	40	
488	414	40	
488	415	40	
488	416	40	
488	417	40	
489	368	40	
489	369	40	
489	389	40	
489	412	40	
489	413	40	
489	414	40	
489	415	40	
490	369	40	
490	370	40	
490	371	40	
490	372	40	
490	373	40	
490	374	40	
490	375	40	
490	376	40	
490	388	40	
491	370	40	
491	371	40	
491	372	40	
491	373	40	
491	374	40	
491	375	40	
491	376	40	
491	377	40	
491	378	40	
491	387	40	
491	388	40	
492	378	40	
492	379	40	
492	387	40	
492	388	40	
493	366	40	
493	367	40	
493	368	40	
493	380	40	
493	387	40	
493	388	40	
494	366	40	
494	368	40	
494	381	40	
494	382	40	
494	383	40	
494	384	40	
494	385	40	
494	386	40	
494	387	40	
495	366	40	
495	367	40	
495	368	40	
495	382	40	
495	383	40	
495	384	40	
495	385	40	
495	386	40	
379	462	45	
380	461	45	
380	462	45	
380	463	45	
381	461	45	
381	463	45	
382	461	45	
382	463	45	
383	461	45	
383	463	45	
384	461	45	
384	462	45	
384	463	45	
385	462	45	
393	460	45	
393	462	45	
394	460	45	
394	462	45	
394	463	45	
395	460	45	
395	461	45	
395	463	45	
396	460	45	
396	461	45	
396	463	45	
396	464	45	
397	460	45	
397	461	45	
397	463	45	
397	464	45	
398	460	45	
398	461	45	
398	464	45	
398	465	45	
399	461	45	
399	462	45	
399	465	45	
399	466	45	
400	462	45	
400	463	45	
400	464	45	
400	465	45	
401	432	45	
401	433	45	
401	434	45	
401	446	45	
402	426	45	
402	427	45	
402	428	45	
402	429	45	
402	430	45	
402	431	45	
402	434	45	
402	435	45	
402	436	45	
402	437	45	
402	438	45	
402	439	45	
402	440	45	
402	441	45	
402	442	45	
402	443	45	
402	444	45	
402	445	45	
402	446	45	
402	447	45	
403	425	45	
403	426	45	
403	427	45	
403	428	45	
403	429	45	
403	430	45	
403	436	45	
403	437	45	
403	438	45	
403	439	45	
403	440	45	
403	441	45	
403	442	45	
403	443	45	
403	447	45	
403	448	45	
404	424	45	
404	425	45	
404	447	45	
404	448	45	
405	424	45	
405	425	45	
405	447	45	
406	424	45	
406	425	45	
406	447	45	
407	424	45	
407	425	45	
407	446	45	
407	447	45	
408	424	45	
408	425	45	
408	446	45	
408	447	45	
409	424	45	
409	425	45	
409	446	45	
409	447	45	
410	424	45	
410	425	45	
410	446	45	
410	447	45	
411	424	45	
411	425	45	
411	446	45	
411	447	45	
412	424	45	
412	446	45	
412	447	45	
413	418	45	
413	419	45	
413	420	45	
413	421	45	
413	422	45	
413	423	45	
413	424	45	
413	446	45	
413	447	45	
414	417	45	
414	418	45	
414	419	45	
414	420	45	
414	421	45	
414	422	45	
414	447	45	
415	416	45	
415	417	45	
415	448	45	
415	449	45	
415	450	45	
416	416	45	
416	417	45	
416	450	45	
416	451	45	
417	416	45	
417	417	45	
417	451	45	
417	452	45	
418	416	45	
418	417	45	
418	452	45	
419	416	45	
419	417	45	
419	452	45	
420	416	45	
420	417	45	
420	452	45	
420	453	45	
421	416	45	
421	417	45	
421	453	45	
422	416	45	
422	417	45	
422	453	45	
422	454	45	
423	416	45	
423	417	45	
423	454	45	
424	416	45	
424	417	45	
424	455	45	
425	417	45	
425	418	45	
425	419	45	
425	420	45	
425	421	45	
425	422	45	
425	423	45	
425	455	45	
426	418	45	
426	419	45	
426	420	45	
426	421	45	
426	422	45	
426	423	45	
426	424	45	
426	425	45	
426	455	45	
426	456	45	
427	381	45	
427	425	45	
427	455	45	
427	456	45	
428	380	45	
428	381	45	
428	382	45	
428	426	45	
428	455	45	
428	456	45	
429	380	45	
429	381	45	
429	382	45	
429	427	45	
429	455	45	
429	456	45	
430	380	45	
430	381	45	
430	383	45	
430	384	45	
430	427	45	
430	428	45	
430	455	45	
430	456	45	
431	379	45	
431	384	45	
431	427	45	
431	428	45	
431	455	45	
431	456	45	
432	378	45	
432	379	45	
432	384	45	
432	385	45	
432	427	45	
432	428	45	
432	455	45	
432	456	45	
433	378	45	
433	385	45	
433	427	45	
433	428	45	
433	456	45	
434	377	45	
434	378	45	
434	385	45	
434	427	45	
434	428	45	
434	454	45	
434	456	45	
435	377	45	
435	378	45	
435	385	45	
435	427	45	
435	428	45	
435	452	45	
435	453	45	
435	454	45	
435	455	45	
435	456	45	
436	377	45	
436	384	45	
436	427	45	
436	428	45	
436	451	45	
436	452	45	
437	377	45	
437	383	45	
437	384	45	
437	427	45	
437	428	45	
437	449	45	
437	450	45	
438	376	45	
438	377	45	
438	383	45	
438	384	45	
438	427	45	
438	447	45	
438	448	45	
439	376	45	
439	377	45	
439	383	45	
439	384	45	
439	426	45	
439	446	45	
439	447	45	
440	376	45	
440	383	45	
440	384	45	
440	422	45	
440	423	45	
440	424	45	
440	425	45	
440	446	45	
441	375	45	
441	376	45	
441	383	45	
441	384	45	
441	420	45	
441	421	45	
441	422	45	
441	423	45	
441	424	45	
441	445	45	
441	446	45	
442	375	45	
442	383	45	
442	384	45	
442	420	45	
442	445	45	
443	374	45	
443	375	45	
443	383	45	
443	384	45	
443	419	45	
443	420	45	
443	445	45	
444	374	45	
444	375	45	
444	383	45	
444	384	45	
444	419	45	
444	420	45	
444	444	45	
444	445	45	
445	374	45	
445	375	45	
445	380	45	
445	381	45	
445	382	45	
445	383	45	
445	419	45	
445	420	45	
445	444	45	
445	445	45	
446	374	45	
446	377	45	
446	378	45	
446	379	45	
446	380	45	
446	381	45	
446	382	45	
446	419	45	
446	444	45	
446	445	45	
447	374	45	
447	375	45	
447	376	45	
447	377	45	
447	416	45	
447	417	45	
447	418	45	
447	419	45	
447	444	45	
447	445	45	
448	414	45	
448	415	45	
448	416	45	
448	417	45	
448	444	45	
449	412	45	
449	413	45	
449	414	45	
449	444	45	
450	410	45	
450	411	45	
450	412	45	
450	443	45	
450	444	45	
451	410	45	
451	443	45	
451	444	45	
452	407	45	
452	408	45	
452	409	45	
452	443	45	
452	444	45	
453	406	45	
453	407	45	
453	408	45	
453	443	45	
454	405	45	
454	406	45	
454	442	45	
455	406	45	
455	407	45	
455	408	45	
455	409	45	
455	410	45	
455	411	45	
455	412	45	
455	413	45	
455	414	45	
455	415	45	
455	416	45	
455	441	45	
456	407	45	
456	408	45	
456	409	45	
456	410	45	
456	411	45	
456	412	45	
456	413	45	
456	414	45	
456	415	45	
456	416	45	
456	417	45	
456	439	45	
456	440	45	
457	417	45	
457	418	45	
457	438	45	
458	417	45	
458	418	45	
458	437	45	
459	417	45	
459	418	45	
459	437	45	
460	418	45	
460	419	45	
460	420	45	
460	421	45	
460	422	45	
460	423	45	
460	424	45	
460	436	45	
460	437	45	
461	419	45	
461	420	45	
461	421	45	
461	422	45	
461	423	45	
461	424	45	
461	425	45	
461	436	45	
461	437	45	
462	426	45	
462	436	45	
462	437	45	
463	426	45	
463	427	45	
463	436	45	
463	437	45	
464	427	45	
464	436	45	
464	437	45	
465	428	45	
465	431	45	
465	432	45	
465	433	45	
465	434	45	
465	435	45	
465	436	45	
466	428	45	
466	429	45	
466	430	45	
466	431	45	
466	432	45	
466	433	45	
466	434	45	
466	435	45	
482	416	45	
483	415	45	
483	416	45	
483	417	45	
484	413	45	
484	414	45	
484	417	45	
484	418	45	
485	411	45	
485	412	45	
485	413	45	
485	417	45	
485	418	45	
486	390	45	
486	391	45	
486	392	45	
486	411	45	
486	417	45	
486	418	45	
487	387	45	
487	388	45	
487	389	45	
487	392	45	
487	393	45	
487	411	45	
487	412	45	
487	413	45	
487	414	45	
487	415	45	
487	416	45	
487	417	45	
488	386	45	
488	390	45	
488	391	45	
488	392	45	
488	412	45	
488	413	45	
488	414	45	
488	415	45	
488	416	45	
489	386	45	
489	387	45	
489	388	45	
489	389	45	
490	369	45	
490	370	45	
490	371	45	
491	367	45	
491	368	45	
491	369	45	
491	370	45	
491	371	45	
491	372	45	
492	367	45	
492	372	45	
492	373	45	
492	381	45	
492	382	45	
492	383	45	
493	366	45	
493	367	45	
493	373	45	
493	374	45	
493	375	45	
493	376	45	
493	377	45	
493	378	45	
493	379	45	
493	380	45	
493	381	45	
493	382	45	
493	383	45	
494	366	45	
494	367	45	
494	374	45	
494	375	45	
494	376	45	
494	377	45	
494	383	45	
495	366	45	
495	378	45	
495	379	45	
495	380	45	
495	381	45	
495	382	45	
496	365	45	
496	366	45	
496	372	45	
496	373	45	
496	374	45	
496	375	45	
496	376	45	
496	377	45	
496	378	45	
497	365	45	
497	370	45	
497	371	45	
497	372	45	
497	373	45	
497	374	45	
497	375	45	
497	376	45	
498	364	45	
498	365	45	
498	368	45	
498	369	45	
499	364	45	
499	365	45	
499	367	45	
499	368	45	
500	364	45	
500	365	45	
500	367	45	
501	364	45	
501	365	45	
501	366	45	
501	367	45	
502	363	45	
502	366	45	
503	362	45	
503	365	45	
504	361	45	
504	362	45	
504	364	45	
505	362	45	
505	363	45	
383	452	50	
384	451	50	
384	452	50	
384	453	50	
384	454	50	
385	450	50	
385	451	50	
385	454	50	
385	455	50	
385	456	50	
385	457	50	
385	458	50	
385	459	50	
385	460	50	
385	461	50	
385	462	50	
386	450	50	
386	451	50	
386	456	50	
386	457	50	
386	458	50	
386	459	50	
386	460	50	
386	461	50	
386	462	50	
386	463	50	
386	464	50	
386	465	50	
387	450	50	
387	451	50	
387	465	50	
387	466	50	
388	450	50	
388	451	50	
388	466	50	
388	467	50	
389	450	50	
389	451	50	
389	466	50	
389	467	50	
390	450	50	
390	451	50	
390	466	50	
390	467	50	
391	450	50	
391	451	50	
391	466	50	
391	467	50	
392	450	50	
392	451	50	
392	466	50	
392	467	50	
393	450	50	
393	451	50	
393	466	50	
393	467	50	
394	450	50	
394	451	50	
394	466	50	
395	450	50	
395	466	50	
396	450	50	
396	464	50	
396	465	50	
397	449	50	
397	450	50	
397	461	50	
397	462	50	
397	463	50	
397	464	50	
398	449	50	
398	450	50	
398	453	50	
398	454	50	
398	455	50	
398	456	50	
398	457	50	
398	458	50	
398	459	50	
398	460	50	
398	461	50	
399	449	50	
399	452	50	
399	453	50	
399	454	50	
399	455	50	
399	456	50	
399	457	50	
399	458	50	
400	443	50	
400	444	50	
400	445	50	
400	446	50	
400	447	50	
400	448	50	
400	451	50	
401	442	50	
401	443	50	
401	444	50	
401	445	50	
401	446	50	
401	451	50	
402	441	50	
402	442	50	
402	450	50	
403	442	50	
403	449	50	
404	442	50	
404	448	50	
405	443	50	
405	444	50	
405	445	50	
405	446	50	
405	447	50	
405	448	50	
406	444	50	
406	445	50	
406	446	50	
422	391	50	
422	392	50	
422	393	50	
423	384	50	
423	385	50	
423	386	50	
423	387	50	
423	388	50	
423	389	50	
423	390	50	
423	393	50	
423	394	50	
424	383	50	
424	384	50	
424	385	50	
424	386	50	
424	387	50	
424	388	50	
424	389	50	
424	394	50	
425	381	50	
425	382	50	
425	394	50	
425	395	50	
425	413	50	
425	414	50	
426	380	50	
426	381	50	
426	395	50	
426	412	50	
426	413	50	
426	414	50	
426	415	50	
426	448	50	
426	450	50	
427	379	50	
427	380	50	
427	395	50	
427	411	50	
427	412	50	
427	415	50	
427	447	50	
427	448	50	
427	450	50	
428	379	50	
428	380	50	
428	396	50	
428	411	50	
428	412	50	
428	414	50	
428	446	50	
428	447	50	
428	450	50	
429	379	50	
429	396	50	
429	397	50	
429	411	50	
429	412	50	
429	413	50	
429	414	50	
429	444	50	
429	445	50	
429	446	50	
429	450	50	
430	379	50	
430	397	50	
430	411	50	
430	413	50	
430	442	50	
430	443	50	
430	444	50	
430	450	50	
430	451	50	
431	378	50	
431	379	50	
431	398	50	
431	411	50	
431	413	50	
431	442	50	
431	450	50	
431	451	50	
432	378	50	
432	399	50	
432	400	50	
432	411	50	
432	413	50	
432	441	50	
432	442	50	
432	450	50	
432	451	50	
433	378	50	
433	400	50	
433	401	50	
433	402	50	
433	403	50	
433	404	50	
433	405	50	
433	406	50	
433	407	50	
433	408	50	
433	409	50	
433	410	50	
433	413	50	
433	441	50	
433	442	50	
433	451	50	
434	377	50	
434	402	50	
434	403	50	
434	404	50	
434	405	50	
434	406	50	
434	407	50	
434	408	50	
434	412	50	
434	413	50	
434	441	50	
434	442	50	
434	451	50	
435	377	50	
435	412	50	
435	413	50	
435	441	50	
435	452	50	
436	376	50	
436	377	50	
436	412	50	
436	413	50	
436	438	50	
436	439	50	
436	440	50	
436	452	50	
437	376	50	
437	377	50	
437	412	50	
437	413	50	
437	437	50	
437	438	50	
437	452	50	
437	453	50	
438	376	50	
438	377	50	
438	412	50	
438	413	50	
438	436	50	
438	449	50	
438	450	50	
438	451	50	
438	452	50	
439	376	50	
439	377	50	
439	413	50	
439	414	50	
439	435	50	
439	447	50	
439	448	50	
439	449	50	
439	450	50	
439	451	50	
440	376	50	
440	414	50	
440	415	50	
440	416	50	
440	417	50	
440	434	50	
440	446	50	
440	447	50	
441	375	50	
441	417	50	
441	418	50	
441	419	50	
441	432	50	
441	433	50	
441	445	50	
441	446	50	
442	374	50	
442	375	50	
442	420	50	
442	421	50	
442	432	50	
442	445	50	
443	374	50	
443	375	50	
443	421	50	
443	422	50	
443	423	50	
443	424	50	
443	425	50	
443	426	50	
443	427	50	
443	428	50	
443	429	50	
443	430	50	
443	431	50	
443	444	50	
443	445	50	
444	374	50	
444	375	50	
444	423	50	
444	424	50	
444	425	50	
444	426	50	
444	427	50	
444	428	50	
444	429	50	
444	430	50	
444	444	50	
444	445	50	
445	374	50	
445	375	50	
445	444	50	
445	445	50	
446	374	50	
446	375	50	
446	444	50	
446	445	50	
447	374	50	
447	375	50	
447	444	50	
447	445	50	
448	374	50	
448	375	50	
448	444	50	
448	445	50	
449	374	50	
449	375	50	
449	444	50	
449	445	50	
450	374	50	
450	375	50	
450	444	50	
450	445	50	
451	374	50	
451	375	50	
451	393	50	
451	394	50	
451	395	50	
451	396	50	
451	397	50	
451	398	50	
451	399	50	
451	400	50	
451	401	50	
451	444	50	
451	445	50	
452	374	50	
452	375	50	
452	392	50	
452	393	50	
452	394	50	
452	395	50	
452	396	50	
452	397	50	
452	398	50	
452	399	50	
452	400	50	
452	401	50	
452	402	50	
452	443	50	
452	444	50	
453	375	50	
453	391	50	
453	402	50	
453	403	50	
453	442	50	
453	443	50	
454	375	50	
454	376	50	
454	377	50	
454	378	50	
454	379	50	
454	380	50	
454	381	50	
454	382	50	
454	383	50	
454	384	50	
454	385	50	
454	386	50	
454	387	50	
454	388	50	
454	389	50	
454	390	50	
454	402	50	
454	403	50	
454	441	50	
454	442	50	
455	377	50	
455	378	50	
455	379	50	
455	380	50	
455	381	50	
455	382	50	
455	383	50	
455	384	50	
455	385	50	
455	386	50	
455	387	50	
455	388	50	
455	402	50	
455	403	50	
455	441	50	
455	442	50	
456	402	50	
456	403	50	
456	441	50	
456	442	50	
457	403	50	
457	438	50	
457	439	50	
457	440	50	
457	441	50	
458	403	50	
458	437	50	
458	438	50	
458	439	50	
458	440	50	
459	403	50	
459	404	50	
459	436	50	
459	437	50	
460	403	50	
460	404	50	
460	436	50	
460	437	50	
461	403	50	
461	404	50	
461	436	50	
461	437	50	
462	404	50	
462	405	50	
462	406	50	
462	407	50	
462	408	50	
462	409	50	
462	410	50	
462	419	50	
462	420	50	
462	421	50	
462	422	50	
462	423	50	
462	424	50	
462	425	50	
462	436	50	
462	437	50	
463	405	50	
463	406	50	
463	407	50	
463	408	50	
463	409	50	
463	410	50	
463	411	50	
463	418	50	
463	419	50	
463	420	50	
463	421	50	
463	422	50	
463	423	50	
463	424	50	
463	425	50	
463	426	50	
463	427	50	
463	436	50	
463	437	50	
464	411	50	
464	412	50	
464	416	50	
464	417	50	
464	427	50	
464	436	50	
464	437	50	
465	412	50	
465	414	50	
465	415	50	
465	416	50	
465	427	50	
465	428	50	
465	436	50	
466	412	50	
466	413	50	
466	414	50	
466	428	50	
466	429	50	
466	430	50	
466	431	50	
466	432	50	
466	433	50	
466	434	50	
466	435	50	
467	429	50	
467	430	50	
467	431	50	
467	432	50	
467	433	50	
478	376	50	
478	377	50	
478	378	50	
478	379	50	
478	380	50	
478	381	50	
479	375	50	
479	376	50	
479	377	50	
479	378	50	
479	381	50	
479	382	50	
479	414	50	
479	415	50	
479	416	50	
480	374	50	
480	375	50	
480	382	50	
480	413	50	
480	414	50	
480	415	50	
480	416	50	
480	417	50	
481	370	50	
481	371	50	
481	372	50	
481	373	50	
481	374	50	
481	383	50	
481	384	50	
481	385	50	
481	386	50	
481	387	50	
481	388	50	
481	389	50	
481	390	50	
481	391	50	
481	392	50	
481	393	50	
481	412	50	
481	418	50	
482	369	50	
482	370	50	
482	371	50	
482	372	50	
482	373	50	
482	384	50	
482	385	50	
482	386	50	
482	387	50	
482	388	50	
482	389	50	
482	390	50	
482	393	50	
482	394	50	
482	411	50	
482	418	50	
483	368	50	
483	369	50	
483	393	50	
483	394	50	
483	410	50	
483	411	50	
483	418	50	
483	419	50	
484	368	50	
484	369	50	
484	393	50	
484	410	50	
484	411	50	
484	416	50	
484	417	50	
484	418	50	
485	368	50	
485	369	50	
485	393	50	
485	410	50	
485	415	50	
485	416	50	
485	417	50	
486	368	50	
486	369	50	
486	392	50	
486	393	50	
486	410	50	
486	414	50	
486	415	50	
487	368	50	
487	369	50	
487	391	50	
487	392	50	
487	409	50	
487	410	50	
487	414	50	
487	415	50	
488	368	50	
488	369	50	
488	389	50	
488	390	50	
488	391	50	
488	410	50	
488	411	50	
488	412	50	
488	413	50	
488	414	50	
489	368	50	
489	369	50	
489	383	50	
489	384	50	
489	385	50	
489	386	50	
489	387	50	
489	388	50	
489	389	50	
489	411	50	
489	412	50	
489	413	50	
490	368	50	
490	382	50	
490	383	50	
490	384	50	
490	385	50	
490	386	50	
490	387	50	
491	368	50	
491	381	50	
492	367	50	
492	368	50	
492	381	50	
493	367	50	
493	368	50	
493	380	50	
493	381	50	
494	367	50	
494	368	50	
494	380	50	
495	367	50	
495	368	50	
495	378	50	
495	379	50	
496	367	50	
496	378	50	
497	367	50	
497	372	50	
497	373	50	
497	374	50	
497	375	50	
497	376	50	
497	377	50	
498	366	50	
498	367	50	
498	371	50	
498	372	50	
498	373	50	
498	374	50	
498	375	50	
498	376	50	
499	364	50	
499	365	50	
499	366	50	
499	370	50	
499	371	50	
500	368	50	
500	369	50	
500	370	50	
501	363	50	
501	364	50	
501	365	50	
501	366	50	
501	367	50	
501	368	50	
501	369	50	
387	443	55	
387	444	55	
388	442	55	
388	443	55	
388	444	55	
388	445	55	
389	442	55	
389	443	55	
389	446	55	
390	443	55	
390	444	55	
390	446	55	
391	444	55	
391	445	55	
391	446	55	
392	445	55	
438	445	55	
438	446	55	
438	447	55	
439	444	55	
439	447	55	
440	443	55	
440	446	55	
440	447	55	
441	443	55	
441	445	55	
441	446	55	
442	442	55	
442	444	55	
442	445	55	
443	438	55	
443	439	55	
443	440	55	
443	441	55	
443	442	55	
443	444	55	
443	445	55	
444	376	55	
444	377	55	
444	378	55	
444	379	55	
444	380	55	
444	436	55	
444	437	55	
444	438	55	
444	439	55	
444	440	55	
444	444	55	
444	445	55	
445	375	55	
445	376	55	
445	377	55	
445	378	55	
445	379	55	
445	380	55	
445	381	55	
445	382	55	
445	383	55	
445	427	55	
445	428	55	
445	429	55	
445	430	55	
445	431	55	
445	432	55	
445	433	55	
445	434	55	
445	435	55	
445	436	55	
445	444	55	
445	445	55	
446	374	55	
446	375	55	
446	383	55	
446	384	55	
446	426	55	
446	427	55	
446	428	55	
446	429	55	
446	430	55	
446	431	55	
446	432	55	
446	433	55	
446	434	55	
446	444	55	
446	445	55	
447	374	55	
447	375	55	
447	384	55	
447	385	55	
447	425	55	
447	426	55	
447	444	55	
447	445	55	
448	375	55	
448	384	55	
448	385	55	
448	425	55	
448	426	55	
448	444	55	
449	375	55	
449	384	55	
449	385	55	
449	425	55	
449	426	55	
449	444	55	
450	375	55	
450	376	55	
450	384	55	
450	385	55	
450	425	55	
450	426	55	
450	443	55	
451	375	55	
451	376	55	
451	384	55	
451	385	55	
451	425	55	
451	426	55	
451	441	55	
451	442	55	
452	375	55	
452	376	55	
452	384	55	
452	385	55	
452	425	55	
452	426	55	
452	440	55	
453	376	55	
453	384	55	
453	385	55	
453	425	55	
453	426	55	
453	439	55	
453	440	55	
454	376	55	
454	377	55	
454	384	55	
454	385	55	
454	425	55	
454	426	55	
454	439	55	
454	440	55	
455	377	55	
455	378	55	
455	384	55	
455	425	55	
455	426	55	
455	439	55	
456	378	55	
456	382	55	
456	383	55	
456	384	55	
456	425	55	
456	426	55	
456	439	55	
457	378	55	
457	379	55	
457	381	55	
457	382	55	
457	425	55	
457	426	55	
457	438	55	
457	439	55	
458	379	55	
458	380	55	
458	425	55	
458	426	55	
458	438	55	
459	425	55	
459	426	55	
459	438	55	
460	425	55	
460	426	55	
460	437	55	
461	425	55	
461	426	55	
461	435	55	
461	436	55	
462	425	55	
462	426	55	
462	433	55	
462	434	55	
463	425	55	
463	426	55	
463	432	55	
464	425	55	
464	426	55	
464	431	55	
464	432	55	
465	426	55	
465	427	55	
465	431	55	
466	427	55	
466	428	55	
466	429	55	
466	430	55	
466	431	55	
482	413	55	
482	414	55	
482	415	55	
483	412	55	
483	413	55	
484	411	55	
484	414	55	
484	415	55	
485	411	55	
485	413	55	
486	411	55	
486	412	55	
486	413	55	
487	412	55	
445	375	60	
445	376	60	
445	377	60	
445	438	60	
445	439	60	
445	440	60	
446	375	60	
446	377	60	
446	436	60	
446	437	60	
446	440	60	
446	441	60	
447	375	60	
447	376	60	
447	377	60	
447	435	60	
447	439	60	
447	440	60	
448	434	60	
448	435	60	
448	438	60	
448	439	60	
449	434	60	
449	435	60	
449	438	60	
449	439	60	
450	431	60	
450	432	60	
450	433	60	
450	434	60	
450	438	60	
451	429	60	
451	430	60	
451	431	60	
451	432	60	
451	433	60	
451	437	60	
451	438	60	
452	429	60	
452	436	60	
453	429	60	
453	434	60	
453	435	60	
454	430	60	
454	431	60	
454	432	60	
454	433	60	
454	434	60	
4394
